100013
100014
100025
100025
100049
100087
100088
100115
100117
100124
100137
100160
100185
100232
100236
100256
100259
100270
100276
100292
100298
100315
100323
100329
100353
100356
100406
100411
100418
100426
100441
100444
100449
100453
100464
100471
100476
100481
100481
100492
100508
100529
100550
100552
100562
100564
100566
100587
100590
100595
100607
100610
100653
100656
100657
100663
100673
100673
100700
100705
100710
100713
100714
100716
100729
100731
100743
100754
100755
100762
100762
100765
100772
100784
100789
100792
100798
100807
100828
100828
100831
100845
100852
100860
100875
100886
100888
100894
100903
100919
100938
100949
100957
100961
100979
100986
100999
101000
101020
101026
101029
101029
101042
101045
101047
101048
101053
101073
101078
101081
101094
101098
101105
101117
101122
101127
101155
101166
101169
101170
101174
101176
101203
101204
101210
101213
101217
101220
101228
101245
101250
101251
101254
101262
101281
101285
101301
101314
101317
101334
101340
101340
101344
101356
101359
101376
101390
101395
101397
101432
101438
101500
101520
101551
101552
101560
101564
101569
101572
101573
101585
101588
101590
101591
101593
101595
101605
101612
101618
101620
101622
101640
101651
101675
101684
101685
101685
101702
101722
101739
101745
101769
101771
101781
101783
101792
101792
101811
101812
101815
101843
101843
101845
101854
101880
101892
101900
101903
101907
101910
101917
101924
101928
101928
101936
101938
101941
101942
101950
101967
101970
101973
101977
102033
102051
102065
102076
102077
102101
102102
102118
102120
102121
102121
102123
102130
102131
102132
102135
102154
102175
102181
102182
102184
102195
102196
102205
102245
102251
102254
102270
102286
102287
102298
102299
102299
102355
102361
102363
102378
102383
102404
102404
102409
102450
102455
102457
102467
102492
102503
102506
102506
102514
102515
102529
102534
102536
102547
102548
102549
102555
102563
102566
102605
102613
102614
102628
102629
102644
102647
102648
102653
102658
102661
102671
102683
102708
102710
102712
102713
102720
102733
102736
102741
102743
102746
102762
102762
102782
102786
102787
102817
102840
102859
102863
102870
102887
102889
102908
102908
102916
102917
102922
102923
102941
102942
102953
102957
102961
102988
102990
103003
103009
103035
103044
103053
103057
103076
103078
103083
103094
103102
103102
103105
103119
103122
103136
103197
103203
103205
103225
103235
103236
103241
103241
103264
103266
103293
103298
103299
103315
103325
103325
103336
103341
103347
103347
103355
103365
103382
103397
103398
103398
103416
103425
103430
103433
103441
103446
103450
103450
103465
103492
103502
103510
103510
103511
103517
103518
103525
103552
103565
103569
103570
103582
103589
103593
103593
103604
103614
103628
103629
103629
103642
103645
103657
103657
103683
103688
103705
103721
103740
103763
103767
103791
103794
103795
103811
103811
103813
103832
103832
103853
103858
103859
103875
103877
103897
103914
103917
103918
103924
103930
103931
103934
103948
103948
103958
103968
103977
103985
103991
103995
104003
104004
104007
104020
104040
104042
104048
104060
104067
104099
104101
104102
104113
104116
104118
104119
104124
104136
104156
104179
104188
104193
104197
104208
104227
104227
104241
104242
104249
104249
104271
104276
104289
104290
104333
104339
104370
104376
104377
104379
104390
104395
104396
104412
104414
104414
104442
104448
104448
104465
104469
104475
104487
104509
104513
104548
104555
104572
104582
104588
104596
104604
104607
104618
104619
104625
104684
104702
104715
104756
104759
104760
104762
104768
104771
104776
104800
104809
104846
104853
104863
104870
104884
104912
104918
104940
104943
104948
104964
104982
105007
105008
105009
105019
105024
105025
105025
105027
105033
105047
105083
105094
105095
105143
105156
105159
105161
105163
105196
105222
105235
105245
105245
105250
105275
105279
105289
105320
105328
105332
105338
105345
105349
105360
105381
105399
105414
105418
105418
105418
105428
105430
105433
105434
105440
105448
105467
105485
105490
105500
105500
105503
105504
105507
105540
105546
105548
105567
105568
105576
105576
105590
105614
105627
105628
105631
105634
105636
105637
105661
105669
105682
105710
105716
105718
105724
105744
105758
105770
105797
105799
105800
105804
105819
105838
105847
105853
105854
105860
105865
105867
105868
105869
105884
105886
105895
105903
105905
105907
105926
105928
105931
105936
105937
105944
105951
105965
105966
105973
105974
105988
106006
106006
106019
106043
106048
106048
106065
106066
106073
106082
106105
106106
106111
106115
106143
106143
106161
106162
106167
106182
106182
106185
106194
106198
106199
106209
106235
106245
106294
106321
106322
106324
106327
106330
106337
106341
106342
106354
106365
106372
106373
106400
106402
106405
106414
106419
106423
106430
106439
106443
106444
106445
106446
106469
106476
106477
106483
106510
106522
106531
106532
106535
106547
106555
106558
106565
106571
106574
106576
106582
106603
106609
106612
106630
106630
106634
106653
106655
106657
106657
106657
106685
106686
106690
106708
106741
106751
106803
106827
106845
106860
106862
106867
106891
106901
106913
106917
106921
106935
106935
106943
106945
106986
106994
107003
107013
107014
107015
107027
107031
107034
107041
107041
107071
107101
107109
107113
107114
107118
107121
107128
107146
107147
107149
107169
107176
107197
107213
107232
107240
107244
107275
107294
107299
107302
107303
107307
107310
107323
107325
107327
107331
107334
107335
107342
107359
107373
107376
107377
107391
107417
107418
107473
107495
107519
107541
107546
107578
107590
107599
107607
107608
107615
107628
107628
107644
107687
107690
107693
107699
107704
107723
107739
107744
107755
107787
107788
107792
107793
107813
107818
107819
107828
107840
107884
107923
107934
107936
107938
107952
107956
107977
107982
107987
107987
107992
107994
107996
108002
108008
108014
108017
108017
108019
108034
108045
108108
108121
108130
108139
108143
108165
108168
108174
108176
108182
108183
108193
108199
108201
108208
108217
108231
108234
108242
108252
108256
108268
108283
108284
108289
108293
108301
108309
108310
108335
108349
108366
108395
108404
108409
108414
108419
108421
108433
108434
108438
108441
108448
108454
108466
108467
108477
108478
108478
108482
108487
108493
108524
108526
108545
108556
108605
108624
108627
108638
108663
108669
108670
108673
108676
108716
108716
108727
108728
108760
108762
108765
108777
108779
108780
108788
108790
108797
108806
108808
108809
108811
108823
108823
108825
108840
108857
108875
108887
108900
108910
108932
108936
108948
108950
108953
108961
108961
108984
108998
109004
109018
109028
109040
109043
109047
109057
109061
109065
109075
109080
109081
109082
109085
109094
109096
109108
109116
109142
109153
109172
109173
109176
109181
109184
109192
109193
109207
109211
109213
109239
109252
109258
109267
109267
109278
109282
109295
109308
109309
109323
109324
109335
109336
109337
109348
109355
109360
109371
109376
109376
109411
109416
109424
109430
109432
109435
109445
109453
109456
109463
109483
109509
109521
109532
109535
109545
109567
109576
109614
109624
109624
109627
109646
109647
109658
109699
109716
109720
109721
109728
109731
109753
109759
109767
109774
109783
109815
109827
109827
109827
109843
109858
109858
109869
109881
109905
109929
109937
109946
109946
109947
109965
109968
109973
109989
110006
110008
110014
110024
110039
110039
110045
110053
110059
110064
110080
110111
110111
110120
110121
110128
110130
110133
110137
110147
110149
110158
110165
110171
110178
110189
110210
110223
110236
110241
110242
110255
110257
110257
110262
110272
110272
110294
110314
110320
110329
110329
110330
110351
110353
110356
110362
110394
110398
110400
110407
110420
110430
110454
110467
110467
110484
110493
110495
110513
110516
110517
110518
110524
110532
110550
110564
110571
110578
110600
110622
110624
110625
110630
110636
110667
110673
110729
110769
110778
110784
110797
110837
110850
110856
110861
110873
110878
110878
110881
110886
110892
110896
110902
110906
110922
110930
110930
110931
110939
110939
110942
110947
110952
110957
110962
110975
110977
110984
111003
111008
111017
111029
111032
111038
111065
111070
111074
111078
111085
111086
111087
111087
111091
111101
111111
111115
111118
111129
111159
111176
111179
111181
111182
111182
111186
111197
111198
111199
111199
111202
111202
111213
111245
111277
111282
111285
111285
111300
111307
111312
111315
111351
111357
111361
111368
111377
111397
111398
111401
111409
111416
111419
111450
111451
111458
111459
111465
111475
111488
111489
111494
111496
111501
111505
111505
111510
111516
111531
111534
111549
111586
111586
111587
111593
111600
111609
111639
111641
111643
111644
111653
111668
111690
111694
111697
111700
111705
111709
111710
111726
111728
111761
111765
111768
111786
111800
111803
111807
111812
111844
111846
111846
111850
111884
111888
111890
111900
111909
111916
111918
111940
111952
111960
111960
111979
111985
112002
112021
112031
112040
112048
112050
112052
112057
112065
112065
112067
112067
112071
112081
112121
112131
112134
112141
112146
112193
112206
112217
112240
112258
112259
112261
112263
112267
112270
112270
112270
112275
112283
112302
112311
112361
112373
112385
112394
112414
112436
112458
112465
112479
112486
112497
112501
112503
112509
112519
112563
112565
112569
112582
112584
112590
112601
112602
112604
112624
112627
112650
112654
112658
112660
112662
112663
112668
112670
112672
112682
112692
112696
112702
112717
112719
112727
112729
112730
112741
112744
112761
112768
112774
112778
112780
112784
112793
112800
112807
112813
112821
112824
112826
112838
112854
112860
112861
112861
112884
112892
112908
112910
112913
112929
112979
112980
112984
113041
113066
113066
113067
113070
113103
113104
113154
113184
113194
113201
113213
113226
113235
113235
113244
113251
113251
113269
113282
113294
113306
113319
113320
113326
113338
113344
113351
113351
113368
113374
113377
113426
113442
113449
113450
113475
113493
113498
113509
113525
113539
113541
113554
113557
113563
113564
113569
113605
113620
113626
113667
113668
113673
113684
113694
113701
113715
113716
113722
113729
113729
113738
113757
113758
113761
113766
113767
113768
113771
113772
113775
113790
113792
113794
113831
113842
113869
113872
113891
113899
113915
113922
113935
113945
113952
113989
113992
114001
114004
114027
114041
114048
114075
114083
114084
114087
114090
114095
114100
114107
114139
114141
114166
114166
114244
114264
114275
114276
114277
114282
114287
114290
114294
114295
114297
114305
114317
114329
114330
114354
114354
114356
114358
114372
114374
114374
114398
114418
114428
114428
114435
114449
114462
114464
114475
114482
114484
114486
114494
114494
114512
114515
114526
114534
114555
114560
114566
114567
114577
114603
114607
114612
114629
114635
114656
114667
114670
114683
114712
114713
114750
114752
114754
114759
114776
114780
114783
114788
114790
114811
114821
114825
114856
114866
114872
114937
114939
114956
114959
114961
114962
114971
115014
115023
115034
115037
115049
115055
115058
115078
115108
115144
115146
115155
115159
115166
115186
115195
115198
115211
115215
115226
115235
115237
115247
115253
115271
115280
115306
115314
115321
115329
115358
115363
115377
115403
115409
115413
115420
115427
115434
115441
115475
115483
115505
115506
115506
115507
115511
115528
115538
115539
115553
115574
115577
115580
115606
115609
115623
115631
115633
115634
115636
115655
115657
115665
115671
115674
115678
115682
115693
115695
115695
115726
115746
115754
115760
115764
115780
115798
115801
115803
115804
115809
115813
115818
115825
115846
115853
115865
115878
115881
115882
115923
115931
115937
115956
115966
115982
116010
116012
116014
116023
116025
116034
116047
116049
116052
116054
116056
116074
116075
116075
116077
116098
116103
116117
116133
116135
116153
116157
116195
116216
116221
116246
116250
116256
116262
116277
116287
116288
116289
116300
116330
116331
116337
116338
116351
116365
116387
116390
116395
116419
116429
116434
116441
116463
116468
116472
116481
116484
116486
116487
116489
116510
116530
116545
116548
116549
116551
116552
116565
116569
116571
116576
116588
116595
116607
116636
116648
116658
116672
116674
116679
116680
116683
116687
116700
116702
116706
116708
116712
116726
116731
116732
116787
116823
116828
116832
116833
116862
116870
116874
116880
116885
116894
116896
116907
116916
116938
116940
116947
116970
116975
116976
116990
117003
117008
117016
117037
117042
117045
117050
117068
117071
117072
117078
117089
117111
117119
117150
117153
117161
117178
117182
117185
117191
117197
117227
117243
117249
117251
117252
117259
117264
117266
117274
117280
117295
117299
117300
117312
117312
117326
117364
117383
117417
117433
117438
117470
117472
117474
117477
117486
117486
117509
117512
117513
117521
117523
117526
117528
117541
117554
117555
117560
117563
117570
117571
117574
117582
117599
117621
117626
117641
117641
117646
117670
117673
117678
117678
117684
117706
117727
117733
117751
117768
117780
117780
117786
117793
117797
117820
117839
117861
117889
117897
117900
117904
117908
117914
117917
117922
117951
117955
117978
117984
118039
118041
118042
118056
118072
118084
118092
118109
118113
118119
118123
118126
118132
118134
118136
118143
118155
118158
118166
118168
118184
118186
118189
118189
118200
118201
118222
118244
118245
118264
118264
118286
118287
118291
118298
118306
118313
118346
118372
118374
118387
118394
118395
118429
118430
118433
118442
118443
118448
118475
118489
118512
118515
118519
118528
118533
118538
118543
118552
118559
118568
118592
118600
118601
118629
118631
118634
118656
118670
118674
118689
118692
118704
118706
118714
118724
118725
118728
118751
118757
118763
118782
118786
118787
118788
118800
118810
118820
118842
118844
118849
118865
118865
118867
118873
118882
118887
118899
118906
118916
118919
118921
118928
118965
118987
119009
119012
119021
119025
119041
119041
119042
119053
119065
119071
119078
119084
119086
119090
119110
119120
119121
119142
119150
119157
119167
119168
119177
119182
119184
119195
119206
119218
119220
119223
119227
119238
119239
119243
119252
119253
119254
119257
119266
119277
119277
119282
119309
119344
119351
119357
119384
119429
119430
119437
119445
119447
119448
119456
119461
119461
119466
119481
119502
119502
119508
119513
119513
119516
119524
119542
119572
119580
119586
119587
119588
119611
119620
119637
119671
119687
119697
119699
119713
119728
119737
119738
119739
119763
119769
119788
119843
119860
119873
119876
119884
119916
119932
119957
119961
119971
119986
119996
119999
120007
120010
120024
120025
120031
120046
120048
120051
120055
120063
120064
120090
120101
120104
120121
120130
120134
120147
120155
120160
120171
120174
120226
120251
120272
120277
120306
120332
120340
120364
120394
120395
120401
120421
120425
120428
120438
120448
120449
120454
120462
120464
120476
120478
120485
120486
120492
120496
120499
120502
120502
120503
120504
120526
120528
120534
120559
120565
120567
120575
120587
120592
120607
120614
120618
120630
120633
120639
120666
120669
120677
120678
120694
120702
120707
120707
120710
120712
120714
120723
120765
120768
120768
120794
120807
120810
120831
120856
120859
120862
120866
120888
120892
120902
120905
120907
120907
120929
120935
120951
120952
120963
120987
120988
120989
120994
121003
121022
121035
121046
121056
121063
121082
121090
121097
121100
121130
121130
121156
121230
121234
121263
121278
121279
121281
121283
121294
121309
121328
121330
121333
121368
121368
121369
121373
121374
121377
121380
121387
121392
121401
121402
121407
121415
121416
121427
121443
121443
121448
121451
121456
121465
121473
121474
121503
121506
121517
121520
121526
121527
121528
121547
121561
121581
121592
121594
121594
121603
121603
121616
121635
121642
121662
121664
121680
121686
121702
121713
121716
121716
121733
121748
121765
121777
121810
121819
121828
121835
121857
121886
121908
121913
121921
121934
121935
121940
121945
121969
121972
121973
121973
121975
121990
121990
121997
122019
122032
122039
122064
122067
122089
122090
122095
122098
122114
122124
122129
122134
122161
122164
122166
122169
122185
122196
122199
122204
122208
122214
122219
122237
122238
122256
122263
122279
122282
122284
122290
122302
122304
122305
122306
122310
122324
122327
122340
122345
122352
122353
122378
122379
122400
122405
122407
122420
122441
122451
122469
122470
122480
122481
122495
122498
122526
122543
122563
122570
122577
122607
122615
122616
122619
122626
122648
122650
122654
122664
122690
122696
122702
122707
122707
122719
122749
122758
122764
122785
122786
122798
122803
122818
122823
122825
122836
122836
122836
122837
122849
122866
122866
122878
122879
122882
122891
122893
122898
122898
122898
122918
122962
122962
122977
122980
122991
123011
123017
123017
123023
123032
123032
123033
123041
123052
123067
123068
123078
123087
123109
123146
123154
123161
123212
123220
123236
123237
123241
123253
123296
123310
123314
123318
123318
123328
123329
123337
123339
123345
123355
123370
123384
123384
123385
123388
123413
123418
123419
123424
123433
123434
123436
123452
123458
123470
123481
123483
123526
123528
123539
123555
123565
123567
123568
123599
123642
123685
123719
123723
123725
123730
123734
123741
123744
123744
123760
123766
123768
123782
123786
123795
123810
123816
123846
123855
123861
123871
123883
123902
123911
123914
123933
123935
123946
123965
123975
123976
123982
124005
124011
124025
124048
124059
124095
124110
124148
124151
124172
124178
124188
124192
124206
124216
124217
124222
124230
124233
124271
124271
124273
124276
124279
124289
124293
124311
124315
124322
124323
124340
124342
124393
124429
124434
124458
124461
124467
124470
124471
124480
124487
124487
124509
124512
124513
124522
124526
124536
124548
124565
124570
124575
124594
124595
124609
124615
124629
124648
124649
124651
124662
124662
124664
124670
124687
124704
124713
124717
124730
124741
124754
124763
124764
124767
124773
124779
124779
124784
124788
124798
124825
124830
124831
124833
124833
124837
124839
124845
124853
124857
124859
124883
124900
124908
124908
124909
124914
124915
124925
124938
124944
124945
124959
124960
124963
124972
124998
125001
125006
125011
125014
125019
125037
125037
125041
125048
125050
125056
125063
125071
125080
125088
125112
125119
125121
125132
125136
125140
125141
125166
125188
125197
125204
125219
125243
125250
125256
125258
125276
125287
125325
125339
125343
125349
125354
125368
125375
125406
125407
125423
125448
125453
125453
125453
125456
125460
125465
125481
125483
125539
125540
125546
125572
125596
125637
125640
125681
125685
125686
125696
125722
125732
125736
125739
125744
125754
125762
125771
125772
125778
125829
125830
125860
125861
125863
125873
125876
125889
125900
125902
125902
125902
125904
125904
125908
125910
125942
125950
125969
125996
126009
126026
126030
126035
126053
126068
126074
126074
126110
126120
126124
126148
126157
126183
126207
126208
126209
126213
126224
126235
126242
126242
126275
126277
126284
126287
126307
126312
126322
126325
126337
126341
126351
126362
126375
126381
126385
126391
126392
126421
126431
126435
126442
126456
126469
126483
126493
126498
126510
126511
126511
126536
126545
126546
126551
126554
126559
126573
126579
126604
126611
126619
126647
126647
126671
126672
126694
126718
126722
126725
126729
126733
126744
126746
126747
126801
126803
126803
126809
126813
126817
126818
126822
126827
126833
126846
126852
126854
126854
126888
126902
126913
126914
126918
126924
126924
126928
126938
126983
126986
126989
127003
127003
127017
127032
127036
127050
127103
127121
127134
127134
127142
127145
127157
127172
127188
127193
127199
127200
127209
127212
127225
127238
127245
127250
127251
127261
127284
127289
127296
127308
127333
127336
127356
127371
127405
127410
127412
127426
127436
127438
127456
127457
127471
127472
127472
127476
127502
127517
127531
127549
127584
127588
127591
127636
127643
127649
127702
127705
127705
127712
127727
127730
127754
127759
127767
127784
127785
127786
127795
127799
127804
127812
127816
127833
127843
127858
127877
127893
127927
127935
127937
127940
127940
127945
127968
127969
127973
128029
128030
128041
128046
128054
128056
128067
128073
128078
128093
128109
128134
128137
128146
128157
128160
128214
128234
128235
128243
128254
128258
128264
128275
128278
128285
128294
128302
128319
128326
128340
128348
128363
128367
128378
128384
128403
128418
128419
128461
128461
128472
128498
128507
128518
128530
128531
128534
128545
128563
128566
128578
128610
128618
128633
128637
128643
128650
128651
128652
128654
128656
128670
128672
128694
128721
128728
128772
128773
128782
128799
128810
128814
128829
128844
128846
128848
128853
128856
128871
128886
128890
128892
128893
128896
128911
128934
128938
128942
128951
128956
128959
128963
128965
128997
129005
129007
129009
129036
129036
129046
129055
129056
129058
129081
129084
129086
129100
129127
129128
129131
129140
129142
129157
129167
129177
129215
129220
129248
129259
129264
129265
129271
129294
129310
129327
129328
129335
129337
129340
129341
129350
129357
129375
129375
129375
129388
129394
129399
129428
129441
129455
129460
129472
129480
129482
129484
129490
129502
129510
129512
129533
129576
129578
129579
129588
129597
129620
129624
129638
129663
129695
129706
129735
129739
129743
129754
129787
129787
129789
129790
129800
129805
129810
129828
129839
129840
129844
129847
129850
129853
129863
129871
129879
129881
129885
129897
129899
129900
129909
129910
129932
129933
129953
129961
129984
129991
129993
129995
130002
130006
130015
130016
130022
130026
130030
130035
130036
130045
130045
130083
130095
130105
130106
130113
130132
130141
130174
130209
130216
130219
130225
130225
130234
130239
130278
130315
130319
130321
130325
130325
130343
130360
130366
130382
130395
130423
130437
130465
130475
130486
130487
130501
130513
130520
130532
130535
130544
130581
130587
130588
130644
130689
130693
130699
130705
130712
130723
130742
130799
130804
130822
130836
130840
130840
130850
130860
130866
130876
130879
130881
130891
130899
130913
130919
130942
130953
130957
130965
130966
130988
131006
131021
131036
131043
131057
131062
131066
131068
131097
131103
131106
131107
131122
131139
131140
131152
131153
131181
131182
131189
131189
131191
131198
131198
131202
131214
131258
131268
131287
131288
131303
131307
131309
131311
131319
131322
131325
131330
131353
131354
131364
131372
131379
131384
131394
131397
131440
131442
131449
131459
131478
131509
131511
131537
131547
131547
131554
131555
131557
131562
131567
131577
131579
131581
131583
131585
131590
131594
131599
131617
131619
131638
131645
131645
131653
131659
131683
131693
131707
131731
131752
131783
131791
131808
131822
131833
131843
131845
131858
131861
131871
131885
131930
131930
131943
131950
131952
131973
131978
131991
132005
132010
132035
132041
132049
132053
132110
132125
132127
132151
132171
132186
132218
132235
132276
132303
132326
132327
132335
132337
132349
132353
132356
132357
132368
132368
132369
132385
132416
132416
132420
132422
132424
132432
132432
132453
132454
132471
132477
132488
132491
132515
132517
132519
132524
132542
132545
132548
132556
132571
132575
132580
132588
132613
132616
132621
132623
132626
132628
132635
132644
132673
132676
132682
132684
132686
132686
132693
132694
132705
132725
132756
132760
132784
132789
132793
132797
132803
132804
132808
132812
132822
132844
132844
132848
132858
132865
132869
132884
132887
132889
132894
132899
132904
132904
132907
132919
132928
132949
132964
132974
132985
132995
133000
133036
133039
133058
133066
133079
133085
133093
133094
133095
133105
133108
133115
133120
133141
133143
133144
133147
133158
133158
133161
133166
133168
133169
133170
133177
133177
133178
133192
133194
133206
133239
133246
133281
133314
133323
133352
133368
133371
133373
133383
133391
133406
133431
133432
133438
133439
133442
133464
133464
133489
133502
133507
133515
133519
133532
133557
133557
133561
133626
133638
133650
133666
133672
133673
133677
133691
133694
133695
133707
133729
133741
133755
133766
133767
133770
133777
133780
133785
133800
133813
133817
133844
133845
133851
133852
133860
133861
133907
133916
133932
133943
133949
133954
133957
133975
133977
134001
134021
134024
134030
134043
134056
134058
134059
134062
134074
134075
134079
134079
134087
134093
134111
134130
134156
134183
134192
134193
134197
134242
134245
134264
134266
134294
134321
134322
134332
134352
134356
134364
134367
134383
134406
134447
134521
134524
134527
134528
134532
134537
134542
134560
134566
134628
134628
134629
134637
134650
134651
134655
134693
134699
134704
134729
134756
134773
134810
134810
134816
134830
134844
134866
134868
134872
134883
134885
134891
134905
134939
134946
134968
134986
134994
135010
135014
135022
135034
135058
135059
135065
135070
135077
135088
135089
135101
135113
135115
135127
135146
135150
135157
135161
135161
135163
135167
135172
135177
135178
135180
135180
135183
135213
135214
135226
135227
135233
135235
135241
135244
135246
135248
135255
135259
135266
135277
135285
135306
135312
135325
135325
135334
135347
135358
135362
135370
135374
135389
135412
135444
135454
135470
135476
135476
135485
135487
135489
135490
135495
135496
135506
135522
135551
135572
135574
135579
135633
135642
135646
135649
135650
135663
135664
135704
135724
135741
135746
135767
135769
135772
135773
135776
135779
135816
135822
135828
135864
135877
135881
135882
135895
135898
135926
135936
135945
135947
135951
135964
135983
135991
135997
135998
136018
136041
136061
136069
136082
136146
136148
136150
136155
136167
136171
136181
136182
136182
136249
136255
136272
136307
136309
136314
136327
136353
136372
136373
136387
136398
136411
136438
136444
136456
136465
136473
136502
136517
136527
136529
136530
136534
136561
136563
136573
136578
136580
136587
136592
136617
136624
136628
136634
136640
136649
136666
136694
136705
136706
136717
136721
136739
136750
136767
136771
136779
136786
136798
136834
136858
136869
136888
136899
136907
136957
136958
136962
136963
136974
136980
136997
136999
137009
137017
137032
137039
137044
137061
137067
137074
137082
137093
137097
137108
137128
137132
137165
137176
137193
137205
137207
137218
137221
137228
137230
137248
137255
137274
137278
137298
137299
137311
137324
137328
137339
137341
137347
137378
137382
137385
137386
137389
137390
137406
137413
137415
137461
137464
137465
137467
137485
137491
137503
137513
137520
137527
137532
137537
137540
137544
137557
137558
137560
137565
137568
137575
137576
137591
137610
137611
137613
137620
137625
137690
137706
137711
137714
137718
137726
137756
137774
137779
137788
137803
137815
137816
137823
137824
137827
137836
137841
137866
137871
137878
137882
137884
137886
137894
137895
137907
137913
137938
137941
137946
137947
137956
137977
137993
137994
138006
138006
138020
138034
138056
138059
138066
138073
138092
138119
138136
138138
138141
138142
138151
138161
138165
138165
138178
138181
138220
138223
138226
138263
138268
138285
138291
138296
138302
138323
138330
138349
138355
138358
138366
138370
138374
138375
138376
138382
138390
138397
138408
138423
138437
138444
138447
138460
138489
138503
138518
138518
138523
138557
138561
138561
138567
138582
138599
138605
138615
138644
138645
138646
138649
138652
138690
138693
138694
138696
138698
138721
138724
138730
138735
138741
138751
138763
138764
138775
138779
138802
138812
138826
138845
138846
138861
138883
138884
138891
138909
138929
138936
138940
138944
138946
138954
138967
138968
138974
138975
138980
138982
138989
138990
138993
138995
138997
138999
139002
139019
139024
139034
139037
139075
139084
139093
139106
139125
139129
139134
139154
139156
139158
139163
139166
139195
139211
139215
139244
139246
139278
139290
139299
139302
139302
139312
139313
139314
139315
139345
139350
139354
139362
139369
139373
139375
139424
139437
139452
139476
139480
139481
139483
139486
139518
139536
139536
139554
139563
139571
139578
139584
139615
139626
139629
139632
139639
139642
139656
139664
139690
139691
139697
139699
139750
139765
139792
139793
139794
139794
139801
139803
139805
139815
139820
139821
139832
139845
139846
139853
139857
139860
139867
139901
139901
139922
139940
139944
139955
139966
139991
139997
140022
140048
140064
140070
140085
140094
140098
140112
140114
140120
140132
140144
140152
140159
140159
140164
140169
140178
140189
140233
140233
140235
140238
140238
140246
140263
140267
140268
140271
140273
140279
140281
140291
140295
140301
140302
140320
140349
140353
140359
140378
140384
140385
140394
140401
140425
140427
140431
140431
140448
140466
140469
140482
140492
140494
140494
140507
140510
140512
140526
140539
140541
140577
140581
140582
140588
140595
140596
140620
140631
140640
140644
140645
140657
140670
140672
140699
140708
140717
140721
140738
140752
140765
140776
140776
140780
140780
140787
140795
140803
140810
140812
140819
140826
140828
140830
140832
140837
140837
140838
140845
140851
140872
140880
140882
140888
140904
140906
140913
140937
140944
140945
140962
140963
140968
140979
140990
140991
140992
141020
141021
141022
141030
141070
141077
141077
141103
141108
141118
141131
141137
141162
141171
141180
141203
141215
141217
141224
141229
141232
141244
141248
141255
141264
141271
141285
141298
141304
141305
141308
141342
141347
141388
141404
141404
141414
141435
141435
141456
141461
141470
141474
141484
141487
141498
141503
141504
141534
141552
141567
141586
141589
141605
141611
141635
141642
141642
141651
141651
141655
141671
141679
141686
141700
141709
141713
141724
141757
141789
141795
141804
141814
141815
141822
141848
141850
141851
141853
141880
141893
141898
141898
141899
141907
141908
141920
141932
141936
141955
141955
141956
141959
141983
141995
142002
142004
142013
142013
142013
142015
142059
142065
142078
142097
142102
142118
142151
142151
142162
142166
142175
142183
142189
142190
142203
142226
142235
142240
142251
142287
142293
142296
142318
142319
142330
142333
142374
142375
142379
142383
142385
142399
142401
142404
142428
142472
142475
142495
142512
142536
142543
142548
142554
142559
142566
142577
142609
142659
142686
142689
142730
142733
142736
142737
142737
142739
142751
142759
142762
142774
142795
142799
142801
142809
142817
142838
142839
142843
142853
142858
142862
142863
142886
142896
142901
142906
142909
142913
142918
142922
142923
142930
142939
142949
142950
142958
142968
142975
142980
142980
142981
142994
142999
143001
143003
143003
143012
143029
143029
143038
143044
143045
143046
143050
143055
143087
143097
143098
143101
143105
143120
143122
143123
143124
143152
143159
143173
143176
143187
143192
143201
143204
143219
143232
143305
143306
143307
143310
143312
143340
143355
143356
143356
143366
143382
143412
143426
143436
143439
143486
143492
143497
143498
143506
143525
143529
143542
143543
143544
143550
143554
143574
143625
143629
143633
143638
143652
143661
143671
143677
143692
143701
143708
143726
143726
143726
143742
143758
143765
143767
143777
143783
143791
143817
143822
143823
143825
143832
143833
143839
143854
143857
143863
143867
143871
143874
143874
143879
143899
143909
143924
143925
143925
143945
143967
143987
144030
144042
144043
144044
144061
144078
144089
144092
144094
144129
144131
144161
144186
144194
144196
144203
144205
144205
144223
144227
144255
144284
144286
144291
144303
144308
144324
144363
144383
144394
144401
144407
144417
144420
144424
144424
144435
144435
144436
144440
144443
144453
144487
144495
144504
144511
144517
144524
144551
144552
144559
144560
144564
144569
144581
144584
144595
144601
144625
144649
144656
144656
144657
144661
144663
144671
144695
144702
144706
144767
144768
144800
144808
144809
144823
144834
144851
144857
144858
144859
144867
144885
144908
144918
144969
144971
145000
145000
145002
145017
145020
145021
145025
145027
145028
145028
145029
145037
145073
145093
145126
145127
145160
145164
145165
145172
145173
145173
145189
145192
145193
145204
145218
145224
145236
145244
145255
145260
145263
145270
145272
145273
145274
145278
145286
145301
145314
145322
145333
145340
145344
145346
145351
145353
145370
145382
145383
145391
145402
145404
145407
145411
145415
145418
145418
145418
145419
145430
145455
145470
145484
145488
145497
145537
145544
145552
145558
145568
145610
145627
145643
145647
145647
145671
145688
145691
145696
145707
145715
145732
145739
145748
145751
145771
145776
145784
145787
145817
145827
145838
145851
145864
145866
145886
145895
145908
145917
145949
145964
145967
145972
145975
145981
145992
146025
146037
146052
146091
146113
146130
146133
146148
146167
146173
146176
146189
146191
146193
146199
146215
146235
146236
146246
146272
146290
146290
146294
146300
146314
146318
146319
146330
146332
146335
146366
146379
146382
146393
146425
146426
146429
146432
146434
146437
146438
146439
146444
146464
146467
146472
146483
146485
146486
146517
146523
146559
146560
146563
146567
146578
146587
146607
146626
146641
146670
146678
146704
146743
146750
146759
146761
146762
146765
146766
146774
146778
146779
146787
146796
146802
146805
146806
146807
146839
146844
146858
146864
146866
146875
146894
146899
146927
146957
146975
146982
146987
146989
147034
147047
147052
147056
147076
147086
147098
147107
147119
147123
147139
147148
147163
147163
147175
147177
147179
147197
147205
147235
147238
147240
147249
147258
147259
147261
147270
147272
147272
147278
147278
147282
147285
147286
147290
147298
147302
147320
147321
147340
147346
147356
147374
147383
147384
147391
147405
147435
147437
147437
147455
147455
147480
147481
147494
147506
147531
147536
147555
147563
147567
147586
147622
147633
147635
147636
147686
147688
147705
147722
147735
147743
147747
147749
147751
147774
147776
147781
147785
147806
147812
147827
147834
147865
147875
147878
147880
147893
147893
147894
147905
147906
147921
147935
147945
147984
147984
147990
147992
148011
148033
148061
148061
148066
148099
148099
148110
148110
148115
148123
148126
148127
148131
148146
148160
148184
148190
148195
148223
148230
148244
148249
148281
148282
148284
148293
148294
148300
148304
148312
148314
148323
148333
148337
148345
148352
148368
148371
148378
148381
148381
148386
148396
148409
148414
148418
148425
148428
148432
148448
148453
148475
148485
148485
148501
148526
148527
148532
148549
148551
148555
148580
148581
148601
148617
148629
148664
148666
148676
148688
148694
148711
148723
148727
148736
148747
148791
148798
148805
148823
148827
148838
148839
148842
148853
148863
148871
148880
148906
148911
148926
148949
148955
148956
148957
148959
148960
148979
148979
148991
148995
149002
149005
149018
149039
149040
149052
149066
149079
149087
149109
149134
149138
149163
149175
149181
149191
149200
149201
149204
149211
149211
149214
149245
149255
149261
149266
149267
149274
149283
149305
149308
149310
149316
149347
149384
149391
149419
149426
149434
149440
149454
149470
149482
149496
149501
149510
149525
149542
149543
149550
149566
149591
149597
149599
149600
149603
149612
149635
149640
149643
149651
149653
149662
149676
149713
149728
149728
149737
149738
149740
149755
149775
149792
149795
149808
149821
149831
149837
149842
149849
149875
149880
149894
149897
149900
149909
149920
149925
149925
149937
149985
149989
149999
150011
150041
150042
150043
150046
150072
150072
150114
150127
150129
150135
150141
150149
150160
150168
150178
150185
150204
150208
150214
150225
150226
150234
150243
150244
150247
150247
150257
150274
150279
150282
150294
150303
150303
150311
150341
150362
150366
150366
150372
150396
150403
150437
150437
150443
150444
150458
150461
150481
150502
150509
150521
150533
150535
150558
150572
150577
150590
150601
150604
150612
150618
150623
150624
150624
150635
150657
150660
150662
150671
150676
150677
150693
150700
150713
150744
150748
150754
150761
150763
150764
150768
150769
150784
150784
150788
150836
150851
150873
150884
150895
150907
150933
150942
150945
150945
150956
150999
151007
151008
151008
151022
151024
151032
151043
151046
151049
151061
151068
151069
151073
151077
151090
151111
151128
151129
151136
151145
151160
151176
151184
151185
151196
151222
151238
151247
151247
151252
151272
151274
151275
151281
151283
151289
151293
151302
151306
151333
151336
151337
151347
151354
151382
151390
151397
151417
151430
151441
151451
151454
151463
151470
151481
151515
151534
151543
151548
151549
151556
151557
151557
151583
151614
151614
151621
151654
151672
151685
151688
151694
151702
151717
151718
151737
151743
151744
151791
151798
151799
151800
151802
151833
151838
151852
151856
151866
151867
151874
151879
151883
151915
151916
151952
151969
152002
152015
152019
152023
152026
152033
152040
152041
152059
152066
152066
152075
152089
152095
152124
152134
152166
152182
152197
152200
152200
152219
152221
152222
152224
152234
152235
152242
152253
152253
152255
152270
152274
152290
152302
152304
152304
152316
152317
152346
152351
152356
152368
152373
152374
152382
152391
152395
152396
152399
152400
152407
152413
152421
152426
152431
152436
152437
152452
152456
152471
152492
152499
152501
152504
152518
152543
152546
152550
152559
152584
152592
152592
152602
152624
152646
152647
152648
152656
152658
152670
152690
152693
152715
152723
152732
152737
152757
152764
152764
152773
152806
152824
152858
152861
152899
152906
152918
152920
152920
152922
152934
152944
152950
152955
152960
152967
152974
153002
153020
153023
153057
153064
153068
153080
153084
153090
153095
153103
153113
153117
153120
153123
153130
153150
153156
153162
153165
153173
153175
153199
153213
153222
153230
153232
153234
153240
153260
153265
153269
153290
153296
153301
153318
153318
153319
153320
153321
153347
153351
153363
153389
153406
153408
153410
153425
153426
153437
153452
153463
153489
153490
153492
153502
153504
153514
153564
153564
153565
153566
153574
153582
153594
153628
153629
153632
153642
153645
153646
153647
153652
153652
153662
153665
153671
153689
153691
153707
153719
153722
153722
153725
153728
153764
153807
153811
153820
153823
153854
153864
153878
153881
153881
153886
153889
153904
153905
153907
153909
153910
153911
153920
153924
153928
153932
153945
153971
153989
154008
154011
154017
154023
154024
154035
154039
154042
154042
154044
154057
154059
154091
154098
154098
154098
154119
154120
154133
154136
154147
154151
154161
154161
154171
154179
154181
154196
154204
154207
154221
154228
154237
154243
154256
154259
154262
154269
154270
154292
154301
154302
154343
154345
154347
154366
154366
154384
154387
154403
154405
154419
154437
154445
154448
154449
154452
154454
154476
154480
154481
154497
154500
154516
154525
154531
154553
154557
154584
154586
154601
154614
154622
154651
154656
154657
154664
154682
154682
154690
154706
154711
154713
154720
154727
154742
154751
154757
154757
154776
154789
154791
154802
154808
154825
154828
154831
154846
154860
154874
154904
154908
154938
154947
154964
154977
154979
154985
154994
155010
155043
155061
155064
155068
155081
155098
155099
155100
155101
155104
155123
155131
155131
155132
155142
155148
155157
155173
155177
155239
155259
155261
155278
155310
155319
155327
155328
155330
155335
155338
155338
155341
155343
155345
155355
155356
155365
155366
155370
155376
155399
155425
155433
155434
155437
155440
155465
155471
155512
155526
155530
155531
155538
155547
155574
155581
155585
155601
155629
155641
155659
155679
155682
155702
155741
155750
155772
155782
155810
155823
155825
155831
155866
155885
155898
155906
155911
155915
155939
155949
155953
155957
155964
155974
156003
156009
156028
156031
156036
156041
156042
156076
156091
156104
156106
156119
156124
156130
156148
156158
156168
156182
156214
156218
156224
156237
156241
156252
156261
156273
156284
156313
156322
156337
156337
156339
156343
156348
156357
156377
156388
156398
156433
156461
156463
156468
156473
156486
156487
156492
156516
156525
156532
156537
156550
156556
156562
156563
156567
156579
156585
156612
156614
156631
156633
156637
156642
156654
156658
156663
156682
156691
156698
156717
156727
156728
156739
156761
156774
156785
156826
156835
156840
156849
156853
156859
156865
156874
156877
156906
156910
156916
156920
156922
156931
156935
156937
156942
156964
156983
156987
157009
157019
157022
157030
157038
157039
157061
157072
157072
157081
157086
157089
157089
157097
157098
157106
157115
157125
157175
157175
157177
157198
157203
157204
157207
157217
157219
157238
157260
157276
157276
157284
157287
157293
157296
157320
157322
157323
157355
157363
157370
157373
157374
157378
157386
157396
157402
157428
157432
157436
157464
157464
157478
157513
157516
157534
157535
157540
157541
157544
157566
157570
157624
157641
157649
157659
157660
157675
157688
157704
157710
157715
157718
157723
157723
157731
157739
157768
157769
157774
157777
157781
157795
157799
157807
157808
157817
157844
157845
157852
157889
157890
157915
157917
157919
157922
157932
157932
157964
157971
157971
157988
157988
157988
157994
158004
158036
158037
158071
158075
158094
158101
158106
158111
158112
158140
158143
158149
158149
158165
158165
158175
158176
158179
158187
158199
158274
158284
158286
158308
158314
158362
158365
158365
158370
158380
158382
158407
158426
158429
158430
158434
158437
158439
158450
158451
158454
158459
158463
158491
158507
158516
158517
158518
158526
158538
158543
158550
158551
158556
158557
158568
158576
158585
158593
158594
158606
158607
158623
158624
158629
158631
158639
158639
158647
158661
158699
158718
158754
158765
158768
158781
158785
158789
158796
158839
158840
158844
158853
158862
158874
158883
158890
158892
158916
158926
158936
158940
158944
158959
158960
158962
158962
158978
158985
158988
158999
159005
159020
159046
159051
159065
159068
159080
159105
159107
159117
159142
159157
159174
159177
159180
159197
159197
159200
159215
159222
159223
159224
159233
159253
159273
159278
159278
159278
159282
159295
159296
159297
159303
159306
159322
159337
159346
159350
159372
159383
159389
159391
159396
159398
159401
159424
159441
159442
159450
159454
159466
159467
159506
159511
159512
159513
159520
159534
159561
159570
159573
159574
159575
159584
159588
159605
159606
159620
159635
159638
159646
159656
159691
159696
159707
159709
159711
159717
159717
159719
159723
159726
159732
159737
159746
159767
159768
159794
159801
159807
159810
159813
159818
159826
159843
159862
159886
159886
159887
159896
159897
159904
159912
159920
159934
159948
159950
159968
159985
159992
159992
160012
160027
160038
160041
160057
160058
160061
160063
160067
160067
160101
160114
160120
160122
160139
160148
160152
160157
160162
160173
160183
160211
160213
160214
160250
160256
160302
160317
160339
160343
160364
160383
160401
160403
160407
160418
160438
160449
160450
160458
160467
160469
160473
160476
160477
160500
160501
160517
160524
160541
160545
160556
160561
160569
160572
160573
160582
160587
160594
160594
160601
160608
160640
160643
160647
160650
160650
160665
160673
160675
160691
160707
160710
160713
160726
160726
160735
160761
160802
160809
160809
160816
160830
160830
160838
160839
160866
160868
160886
160888
160892
160892
160894
160906
160910
160915
160923
160932
160945
160945
160971
160973
160980
161001
161005
161022
161025
161031
161033
161038
161042
161091
161091
161111
161118
161130
161131
161137
161150
161155
161176
161179
161206
161213
161221
161223
161229
161244
161257
161261
161262
161265
161275
161282
161284
161291
161294
161295
161324
161327
161328
161330
161342
161347
161350
161352
161372
161385
161398
161404
161427
161432
161434
161437
161443
161465
161473
161498
161499
161512
161516
161529
161533
161573
161576
161577
161607
161607
161610
161613
161626
161642
161643
161645
161662
161667
161684
161684
161690
161694
161707
161731
161736
161739
161743
161753
161753
161756
161757
161761
161762
161777
161789
161790
161795
161807
161821
161830
161833
161885
161887
161892
161892
161893
161895
161901
161904
161911
161932
161939
161981
161986
162003
162010
162019
162023
162042
162048
162078
162092
162122
162135
162136
162139
162142
162142
162143
162143
162145
162153
162157
162158
162188
162193
162215
162217
162223
162228
162229
162267
162270
162276
162283
162293
162297
162309
162323
162330
162335
162340
162342
162350
162357
162369
162380
162389
162427
162441
162441
162452
162457
162470
162473
162475
162487
162503
162504
162505
162512
162516
162523
162524
162526
162552
162553
162566
162570
162583
162586
162595
162621
162631
162649
162688
162692
162703
162706
162719
162720
162724
162757
162779
162784
162788
162791
162820
162845
162851
162853
162866
162866
162890
162899
162924
162947
162956
162985
163009
163011
163024
163044
163089
163102
163105
163118
163118
163118
163124
163137
163153
163191
163199
163202
163247
163267
163302
163308
163310
163315
163331
163345
163349
163352
163372
163378
163405
163413
163425
163443
163444
163451
163471
163495
163497
163505
163521
163529
163532
163533
163540
163546
163568
163579
163601
163603
163617
163628
163628
163632
163639
163655
163672
163674
163690
163691
163705
163714
163720
163723
163736
163749
163761
163763
163778
163780
163782
163796
163805
163807
163810
163816
163826
163831
163851
163861
163867
163873
163880
163887
163908
163911
163915
163933
163940
163963
163972
163975
163975
163993
163996
163997
163998
164007
164016
164044
164049
164059
164084
164096
164114
164117
164118
164158
164159
164161
164171
164181
164181
164206
164244
164263
164270
164277
164278
164280
164280
164291
164300
164314
164318
164321
164325
164333
164336
164337
164350
164359
164372
164375
164379
164395
164399
164439
164463
164473
164473
164482
164493
164499
164500
164503
164509
164527
164527
164536
164536
164538
164540
164540
164541
164545
164566
164577
164585
164593
164612
164622
164632
164643
164644
164662
164681
164684
164694
164699
164711
164718
164734
164751
164755
164757
164791
164814
164818
164829
164846
164851
164867
164890
164898
164900
164908
164915
164926
164927
164928
164945
164956
164966
164967
164985
164989
165001
165001
165007
165012
165014
165037
165044
165055
165069
165077
165093
165101
165117
165125
165130
165135
165143
165143
165153
165157
165159
165173
165173
165183
165187
165198
165202
165223
165231
165265
165282
165286
165295
165299
165332
165335
165339
165378
165397
165397
165409
165414
165417
165452
165455
165458
165460
165474
165482
165504
165510
165511
165513
165521
165523
165524
165553
165559
165569
165571
165574
165580
165588
165605
165634
165648
165659
165686
165687
165710
165719
165731
165737
165765
165767
165779
165783
165796
165797
165800
165813
165830
165836
165842
165854
165855
165859
165861
165880
165885
165885
165907
165929
165932
165941
165946
165949
165958
165975
165976
166002
166002
166010
166022
166048
166051
166053
166053
166057
166071
166079
166125
166125
166134
166156
166163
166187
166216
166228
166230
166249
166278
166282
166289
166310
166329
166331
166345
166352
166356
166375
166376
166392
166392
166418
166424
166445
166445
166452
166460
166466
166472
166498
166504
166510
166513
166516
166518
166529
166534
166538
166569
166580
166621
166624
166627
166628
166644
166653
166663
166684
166687
166691
166699
166727
166742
166745
166755
166756
166760
166766
166769
166774
166784
166809
166812
166820
166826
166866
166871
166875
166877
166879
166938
166940
166956
166961
166964
167004
167006
167021
167028
167032
167045
167075
167085
167116
167118
167129
167133
167137
167138
167145
167187
167201
167202
167214
167222
167225
167242
167244
167255
167275
167276
167278
167281
167288
167293
167296
167301
167304
167313
167358
167366
167371
167374
167402
167407
167407
167417
167432
167437
167441
167449
167456
167459
167471
167479
167487
167500
167530
167539
167545
167567
167577
167589
167607
167613
167614
167616
167624
167639
167662
167663
167664
167684
167689
167702
167714
167718
167741
167762
167767
167778
167787
167801
167802
167805
167818
167847
167849
167855
167857
167862
167896
167906
167913
167926
167933
167939
167968
167969
167973
167974
167984
167999
168002
168010
168051
168052
168059
168073
168083
168100
168112
168112
168125
168134
168140
168150
168179
168184
168188
168198
168205
168238
168240
168242
168248
168264
168265
168270
168280
168293
168294
168298
168302
168304
168314
168315
168329
168331
168357
168365
168371
168381
168407
168454
168457
168465
168477
168477
168487
168492
168493
168494
168519
168522
168525
168536
168558
168572
168584
168587
168609
168624
168625
168626
168641
168653
168660
168664
168677
168698
168727
168733
168734
168741
168745
168764
168780
168797
168803
168807
168815
168817
168820
168824
168833
168838
168862
168867
168871
168888
168891
168918
168924
168937
168957
168959
168969
168984
168986
169009
169022
169027
169035
169040
169057
169059
169066
169070
169088
169088
169088
169093
169109
169123
169132
169172
169210
169221
169228
169247
169283
169287
169304
169315
169316
169316
169322
169363
169380
169388
169391
169396
169399
169404
169406
169417
169425
169426
169434
169448
169480
169482
169484
169514
169516
169518
169531
169537
169563
169573
169578
169589
169594
169603
169605
169610
169613
169624
169626
169628
169638
169639
169665
169680
169683
169695
169717
169729
169733
169739
169745
169751
169753
169772
169773
169776
169811
169822
169853
169862
169866
169878
169879
169896
169903
169903
169914
169963
169991
169994
169999
170019
170045
170049
170055
170060
170066
170068
170074
170076
170087
170089
170096
170098
170106
170120
170120
170138
170138
170142
170146
170147
170147
170185
170189
170190
170209
170224
170229
170234
170241
170256
170262
170262
170265
170266
170277
170279
170283
170293
170297
170303
170305
170311
170344
170355
170355
170376
170376
170377
170403
170409
170410
170412
170424
170437
170456
170465
170465
170480
170484
170485
170502
170502
170514
170539
170542
170543
170545
170548
170554
170557
170563
170564
170568
170569
170569
170611
170617
170619
170628
170629
170636
170637
170649
170652
170672
170689
170711
170723
170734
170738
170741
170743
170748
170749
170755
170756
170781
170782
170783
170789
170791
170797
170803
170817
170820
170820
170826
170832
170864
170865
170867
170872
170875
170876
170877
170904
170916
170916
170927
170940
170997
171012
171014
171014
171015
171017
171058
171064
171064
171078
171086
171103
171104
171133
171139
171144
171163
171172
171179
171194
171205
171220
171240
171244
171255
171271
171277
171301
171315
171324
171337
171361
171370
171378
171384
171393
171395
171422
171433
171439
171450
171454
171463
171467
171470
171502
171503
171506
171507
171508
171515
171518
171551
171556
171559
171560
171612
171633
171648
171652
171665
171673
171714
171734
171742
171755
171755
171756
171766
171784
171788
171794
171805
171825
171847
171853
171866
171868
171875
171879
171889
171893
171909
171914
171926
171929
171933
171945
171947
171980
171993
171999
172038
172042
172071
172071
172075
172086
172089
172090
172099
172101
172103
172117
172127
172136
172139
172158
172160
172165
172178
172183
172189
172192
172194
172195
172198
172219
172222
172240
172271
172284
172286
172290
172296
172308
172310
172314
172321
172324
172330
172342
172343
172344
172346
172347
172348
172355
172368
172393
172404
172404
172439
172440
172440
172445
172459
172462
172468
172472
172493
172502
172507
172513
172576
172588
172623
172626
172631
172658
172662
172679
172689
172691
172706
172736
172761
172792
172794
172811
172844
172855
172863
172873
172875
172878
172893
172908
172915
172924
172929
172981
172982
172988
172991
172993
173001
173005
173009
173011
173025
173026
173046
173053
173056
173068
173100
173111
173123
173134
173168
173188
173195
173220
173223
173230
173233
173244
173247
173253
173262
173272
173274
173282
173286
173303
173316
173327
173331
173348
173363
173365
173368
173376
173383
173416
173419
173436
173436
173448
173449
173455
173457
173481
173491
173512
173515
173524
173529
173529
173531
173537
173563
173565
173577
173590
173613
173616
173650
173661
173667
173667
173668
173687
173692
173694
173695
173710
173713
173717
173717
173722
173724
173738
173750
173767
173780
173781
173790
173806
173806
173817
173819
173821
173852
173853
173863
173865
173869
173886
173891
173900
173908
173946
173951
173972
173978
173998
174000
174005
174044
174047
174058
174066
174068
174088
174095
174104
174106
174110
174141
174161
174187
174189
174189
174197
174197
174206
174229
174236
174241
174253
174264
174274
174287
174288
174304
174318
174365
174385
174392
174414
174423
174453
174469
174490
174504
174504
174514
174533
174534
174536
174541
174551
174555
174558
174569
174570
174597
174602
174602
174604
174606
174626
174630
174632
174636
174673
174674
174674
174679
174684
174725
174728
174735
174745
174749
174752
174760
174791
174800
174802
174811
174817
174827
174830
174836
174847
174856
174893
174895
174896
174901
174963
174970
175010
175046
175070
175074
175084
175098
175117
175135
175136
175145
175148
175161
175187
175192
175198
175213
175227
175242
175250
175275
175294
175307
175311
175312
175319
175337
175341
175356
175390
175405
175409
175414
175417
175426
175428
175439
175460
175473
175485
175489
175496
175501
175513
175516
175523
175544
175555
175559
175569
175574
175576
175578
175587
175596
175599
175601
175614
175617
175650
175654
175659
175673
175674
175678
175679
175684
175688
175703
175705
175707
175730
175731
175768
175782
175785
175794
175799
175800
175826
175832
175835
175838
175860
175862
175871
175878
175880
175884
175886
175887
175889
175892
175900
175908
175909
175909
175927
175935
175938
175938
175938
175947
175948
175960
175967
175969
175978
175979
175985
175989
175993
176022
176040
176055
176083
176111
176128
176150
176157
176175
176175
176180
176191
176225
176226
176231
176245
176251
176293
176300
176306
176308
176342
176372
176378
176391
176396
176403
176425
176431
176432
176433
176462
176465
176465
176465
176466
176535
176537
176568
176573
176595
176598
176607
176609
176615
176641
176645
176648
176651
176676
176736
176738
176740
176752
176757
176780
176783
176795
176807
176820
176856
176857
176875
176883
176883
176898
176900
176901
176915
176926
176933
176934
176935
176935
176955
176957
176957
176975
176979
176980
176989
176996
176997
177048
177053
177054
177056
177075
177087
177089
177115
177115
177142
177151
177161
177170
177171
177182
177186
177193
177194
177195
177207
177215
177216
177222
177222
177231
177240
177242
177243
177247
177253
177256
177265
177279
177282
177295
177304
177308
177321
177339
177343
177348
177355
177378
177379
177381
177397
177401
177431
177432
177436
177437
177444
177451
177473
177490
177496
177499
177516
177528
177545
177555
177560
177565
177567
177575
177578
177580
177604
177609
177613
177617
177635
177656
177660
177666
177671
177677
177694
177698
177745
177751
177754
177762
177763
177783
177823
177865
177865
177866
177870
177876
177876
177906
177945
177945
177952
177953
177958
177959
177980
178003
178005
178013
178017
178059
178061
178062
178066
178070
178075
178083
178083
178124
178133
178155
178164
178165
178175
178178
178178
178181
178211
178224
178232
178253
178263
178280
178282
178324
178325
178341
178341
178343
178343
178355
178364
178366
178369
178374
178384
178384
178424
178427
178428
178452
178455
178474
178491
178507
178511
178514
178533
178561
178581
178582
178607
178609
178617
178621
178623
178628
178637
178638
178661
178721
178744
178758
178777
178792
178795
178815
178835
178842
178854
178880
178885
178886
178893
178900
178901
178905
178917
178935
178938
178939
178940
178962
178987
178999
179001
179013
179019
179033
179068
179070
179084
179095
179103
179105
179106
179138
179168
179177
179179
179179
179190
179199
179253
179255
179262
179277
179290
179305
179326
179335
179341
179349
179367
179371
179377
179391
179393
179416
179426
179428
179454
179457
179462
179463
179475
179477
179479
179506
179517
179543
179547
179548
179552
179557
179603
179607
179611
179623
179627
179643
179647
179660
179666
179667
179680
179691
179714
179721
179722
179727
179728
179734
179735
179759
179759
179776
179782
179797
179816
179832
179836
179859
179872
179873
179889
179896
179898
179910
179915
179930
179934
179945
179990
179992
179993
179996
180003
180003
180006
180006
180006
180018
180049
180059
180070
180096
180110
180113
180122
180126
180132
180137
180147
180149
180151
180152
180153
180162
180170
180194
180210
180213
180221
180247
180273
180276
180293
180314
180322
180325
180326
180332
180357
180357
180364
180373
180392
180402
180406
180417
180419
180429
180429
180436
180462
180473
180476
180493
180505
180507
180528
180535
180536
180540
180540
180564
180564
180570
180576
180581
180592
180609
180619
180646
180648
180649
180700
180701
180706
180710
180724
180765
180771
180775
180776
180790
180802
180803
180815
180816
180818
180823
180835
180836
180851
180853
180860
180907
180916
180947
180954
180957
180960
180960
180991
180998
181018
181026
181058
181062
181069
181074
181080
181108
181120
181126
181141
181154
181160
181169
181169
181169
181191
181195
181195
181196
181210
181225
181229
181245
181248
181249
181251
181255
181256
181258
181259
181261
181277
181292
181315
181325
181330
181345
181351
181359
181369
181374
181397
181407
181427
181431
181445
181462
181470
181477
181483
181498
181503
181511
181511
181514
181532
181598
181608
181612
181618
181620
181628
181632
181656
181656
181657
181699
181702
181706
181722
181740
181747
181757
181786
181793
181803
181829
181857
181858
181869
181873
181889
181899
181901
181914
181916
181947
181950
181953
181955
181969
181977
181985
181998
182024
182033
182040
182088
182103
182112
182116
182119
182120
182121
182130
182131
182131
182132
182139
182139
182140
182142
182148
182153
182154
182179
182183
182187
182189
182206
182209
182211
182211
182215
182222
182257
182272
182288
182293
182295
182306
182329
182332
182347
182376
182395
182396
182403
182404
182417
182426
182431
182492
182493
182498
182499
182500
182511
182528
182529
182532
182536
182538
182544
182551
182551
182572
182598
182606
182637
182644
182644
182649
182649
182654
182664
182664
182677
182702
182712
182725
182745
182752
182768
182777
182778
182780
182781
182786
182801
182815
182823
182829
182836
182854
182862
182865
182870
182882
182883
182890
182896
182912
182916
182920
182929
182945
182945
182949
182971
182990
182998
182999
183011
183023
183041
183053
183067
183070
183115
183115
183118
183131
183137
183141
183142
183149
183154
183162
183166
183168
183205
183216
183222
183233
183271
183279
183281
183288
183290
183295
183306
183313
183318
183321
183328
183331
183341
183344
183350
183351
183353
183357
183375
183399
183411
183417
183418
183447
183462
183465
183504
183526
183532
183546
183571
183578
183587
183593
183596
183612
183621
183630
183631
183649
183650
183655
183656
183660
183664
183677
183678
183679
183683
183696
183707
183710
183711
183728
183736
183750
183781
183785
183785
183792
183795
183801
183809
183822
183838
183843
183844
183865
183873
183887
183897
183905
183932
183942
183955
183958
183962
183968
183982
183988
183989
184004
184024
184032
184040
184051
184062
184068
184075
184076
184078
184089
184121
184127
184166
184206
184207
184213
184215
184215
184219
184221
184227
184229
184235
184255
184261
184266
184289
184291
184293
184297
184299
184300
184316
184326
184329
184340
184385
184392
184406
184413
184418
184420
184429
184464
184469
184471
184490
184498
184498
184501
184506
184519
184527
184533
184540
184546
184551
184564
184568
184568
184617
184631
184632
184635
184651
184655
184664
184676
184679
184693
184703
184706
184713
184724
184730
184760
184779
184781
184794
184802
184804
184806
184837
184846
184846
184848
184851
184863
184863
184867
184921
184945
184956
184956
184956
184972
184984
184987
184996
185001
185031
185046
185048
185050
185064
185068
185087
185089
185108
185133
185140
185152
185179
185183
185194
185214
185215
185225
185230
185235
185237
185238
185243
185245
185315
185316
185321
185328
185351
185352
185360
185360
185372
185378
185382
185392
185395
185397
185422
185429
185464
185466
185484
185492
185493
185529
185532
185537
185555
185557
185567
185571
185572
185574
185590
185593
185624
185637
185642
185644
185648
185651
185670
185670
185673
185686
185697
185698
185707
185727
185729
185741
185750
185751
185753
185754
185760
185767
185770
185785
185785
185786
185787
185811
185824
185829
185843
185848
185854
185871
185875
185875
185877
185880
185885
185886
185898
185902
185907
185920
185933
185933
185940
185955
185955
185961
185962
186013
186044
186065
186065
186090
186091
186105
186121
186130
186132
186165
186166
186172
186196
186198
186200
186206
186215
186221
186235
186238
186239
186245
186249
186250
186254
186266
186278
186283
186287
186294
186300
186309
186310
186313
186313
186333
186334
186338
186362
186363
186366
186373
186379
186384
186405
186411
186413
186418
186423
186426
186428
186436
186449
186466
186469
186477
186504
186514
186518
186533
186540
186541
186559
186621
186649
186656
186660
186665
186666
186669
186682
186683
186731
186731
186737
186738
186755
186757
186765
186769
186817
186823
186845
186845
186846
186852
186856
186859
186861
186879
186880
186881
186916
186921
186936
186966
186967
186970
186971
186974
186978
186985
186987
186988
186992
187040
187043
187049
187058
187059
187096
187118
187122
187134
187140
187156
187168
187185
187198
187215
187219
187239
187241
187247
187256
187263
187272
187272
187284
187298
187309
187314
187327
187338
187344
187347
187351
187357
187392
187397
187397
187409
187424
187443
187449
187454
187485
187494
187510
187529
187532
187543
187554
187566
187580
187622
187629
187633
187639
187658
187683
187686
187691
187705
187714
187720
187724
187728
187728
187732
187732
187738
187745
187759
187783
187810
187811
187835
187847
187869
187878
187880
187886
187889
187913
187914
187942
187965
187966
187967
187971
187973
187977
187977
187996
188010
188011
188033
188044
188056
188072
188073
188082
188107
188125
188127
188130
188149
188151
188156
188162
188176
188195
188199
188199
188222
188227
188240
188250
188262
188272
188280
188281
188286
188288
188293
188313
188324
188326
188340
188345
188348
188364
188372
188372
188383
188385
188386
188389
188394
188406
188407
188417
188426
188441
188454
188461
188468
188476
188485
188502
188513
188528
188529
188565
188585
188611
188614
188628
188637
188656
188659
188669
188683
188688
188694
188695
188697
188708
188714
188719
188755
188777
188781
188781
188785
188787
188787
188820
188837
188842
188856
188870
188875
188876
188881
188882
188892
188898
188905
188927
188927
188933
188938
188939
188973
188978
189015
189022
189026
189043
189059
189113
189120
189126
189134
189134
189157
189169
189173
189173
189174
189187
189191
189192
189197
189201
189210
189214
189238
189241
189246
189246
189272
189280
189282
189284
189299
189302
189308
189314
189337
189338
189356
189361
189361
189365
189376
189390
189402
189410
189411
189413
189413
189419
189421
189436
189448
189454
189455
189457
189467
189473
189484
189491
189540
189545
189552
189553
189553
189555
189572
189579
189590
189622
189625
189634
189643
189658
189687
189693
189696
189717
189721
189722
189724
189737
189742
189754
189759
189766
189772
189773
189784
189785
189790
189801
189810
189822
189825
189845
189860
189864
189882
189894
189895
189897
189908
189913
189914
189916
189926
189930
189938
189947
189970
189974
189994
189996
189996
190000
190026
190029
190030
190054
190054
190060
190075
190076
190080
190087
190090
190092
190097
190100
190102
190117
190122
190129
190135
190139
190148
190152
190154
190165
190167
190173
190185
190193
190194
190212
190217
190221
190237
190242
190250
190262
190275
190280
190281
190291
190294
190305
190332
190334
190336
190348
190377
190383
190388
190389
190390
190396
190408
190419
190443
190450
190451
190465
190466
190467
190473
190474
190477
190504
190529
190540
190573
190586
190593
190608
190610
190617
190671
190673
190676
190683
190688
190690
190709
190719
190720
190742
190756
190772
190772
190774
190794
190807
190819
190825
190827
190832
190844
190864
190867
190872
190874
190913
190921
190922
190931
190947
190949
190963
190967
190989
191019
191022
191028
191043
191055
191062
191070
191150
191157
191159
191171
191177
191181
191184
191240
191251
191260
191263
191266
191276
191277
191288
191308
191310
191314
191317
191328
191346
191350
191366
191377
191394
191399
191402
191406
191435
191436
191456
191466
191473
191480
191503
191513
191532
191543
191547
191556
191578
191615
191616
191617
191648
191664
191666
191679
191681
191707
191713
191713
191723
191733
191754
191756
191766
191768
191770
191770
191770
191782
191783
191798
191801
191807
191808
191810
191835
191838
191859
191860
191860
191863
191870
191874
191885
191964
191970
191972
191972
191973
191976
191979
191999
192013
192016
192018
192023
192060
192067
192070
192085
192095
192100
192122
192123
192126
192134
192141
192141
192143
192155
192164
192165
192174
192175
192177
192180
192183
192186
192198
192204
192204
192205
192209
192233
192243
192258
192265
192282
192283
192293
192326
192332
192334
192339
192339
192349
192374
192378
192384
192397
192404
192406
192417
192422
192433
192436
192446
192463
192497
192500
192509
192531
192540
192550
192555
192568
192578
192594
192600
192612
192627
192631
192632
192634
192636
192637
192638
192638
192656
192674
192676
192710
192713
192742
192754
192756
192762
192775
192776
192792
192792
192793
192793
192800
192802
192807
192811
192813
192816
192824
192826
192831
192847
192862
192873
192884
192888
192921
192923
192929
192929
192933
192939
192950
192960
192978
192982
192993
192996
193027
193030
193042
193052
193087
193089
193094
193098
193102
193104
193128
193128
193134
193157
193161
193178
193189
193214
193220
193253
193253
193255
193286
193288
193289
193337
193351
193353
193356
193375
193390
193404
193410
193424
193433
193438
193448
193454
193466
193495
193496
193497
193524
193539
193546
193556
193556
193558
193560
193561
193563
193565
193574
193580
193586
193609
193613
193623
193642
193657
193659
193669
193671
193687
193707
193709
193712
193727
193734
193740
193753
193781
193783
193786
193816
193833
193834
193842
193845
193858
193864
193898
193920
193920
193932
193932
193935
193946
193962
193965
193972
193991
193996
194017
194036
194038
194049
194052
194073
194074
194088
194089
194127
194138
194167
194176
194189
194197
194219
194237
194241
194244
194275
194278
194280
194283
194287
194314
194323
194327
194339
194347
194350
194365
194386
194393
194393
194398
194411
194422
194436
194462
194464
194464
194516
194522
194522
194549
194551
194556
194561
194566
194580
194607
194630
194672
194674
194693
194702
194704
194716
194729
194745
194754
194755
194759
194760
194768
194787
194806
194810
194821
194831
194833
194838
194850
194850
194864
194864
194868
194869
194885
194890
194890
194909
194913
194925
194929
194956
194969
194973
194980
194993
195017
195039
195041
195043
195054
195071
195095
195104
195122
195127
195140
195142
195150
195154
195170
195185
195203
195206
195208
195215
195219
195229
195230
195233
195256
195260
195262
195266
195278
195281
195281
195294
195301
195319
195342
195364
195369
195373
195380
195389
195390
195397
195399
195401
195403
195417
195417
195418
195436
195450
195465
195468
195472
195473
195484
195487
195513
195517
195527
195531
195538
195580
195596
195599
195610
195623
195631
195640
195641
195645
195673
195674
195674
195688
195688
195692
195699
195720
195722
195725
195739
195760
195783
195783
195802
195813
195814
195824
195837
195849
195850
195862
195885
195886
195887
195892
195893
195893
195908
195913
195920
195923
195930
195942
195954
195965
195973
195976
195977
195986
196003
196008
196010
196022
196040
196052
196058
196065
196074
196080
196087
196122
196130
196138
196139
196152
196155
196162
196184
196188
196209
196210
196211
196223
196233
196235
196242
196245
196251
196260
196264
196269
196274
196276
196284
196291
196312
196318
196322
196330
196353
196356
196366
196385
196386
196403
196433
196448
196496
196507
196523
196531
196546
196551
196551
196556
196558
196571
196575
196580
196582
196605
196620
196622
196624
196649
196672
196690
196704
196722
196741
196756
196758
196769
196786
196790
196791
196792
196800
196802
196810
196816
196825
196833
196834
196850
196885
196890
196891
196899
196900
196904
196911
196911
196912
196944
196949
196953
196998
197002
197010
197011
197020
197026
197028
197045
197050
197059
197069
197083
197110
197125
197133
197180
197190
197195
197198
197207
197211
197218
197228
197241
197250
197261
197271
197289
197293
197297
197317
197336
197340
197349
197363
197376
197427
197430
197433
197433
197440
197450
197451
197459
197463
197465
197465
197467
197473
197480
197494
197497
197497
197547
197551
197561
197570
197582
197589
197596
197596
197604
197611
197613
197625
197633
197643
197646
197647
197651
197685
197693
197701
197702
197705
197717
197720
197724
197748
197749
197772
197775
197777
197786
197822
197847
197860
197899
197921
197962
197968
197975
197980
197986
197993
197999
198006
198038
198041
198042
198046
198051
198068
198072
198073
198106
198118
198120
198124
198127
198141
198149
198164
198174
198178
198185
198206
198208
198208
198209
198226
198252
198267
198268
198291
198297
198298
198304
198311
198316
198319
198323
198334
198339
198359
198361
198374
198390
198391
198409
198426
198427
198445
198470
198490
198499
198508
198513
198513
198515
198526
198541
198545
198549
198556
198597
198599
198608
198609
198614
198628
198642
198687
198692
198692
198714
198722
198779
198798
198807
198813
198829
198837
198860
198862
198872
198877
198882
198889
198913
198913
198925
198928
198928
198929
198943
198954
198984
198990
199018
199028
199045
199053
199054
199056
199058
199067
199071
199084
199086
199098
199104
199117
199118
199148
199150
199159
199181
199186
199197
199199
199202
199215
199218
199231
199239
199245
199249
199252
199266
199268
199292
199301
199304
199307
199314
199315
199316
199325
199335
199350
199367
199371
199371
199380
199394
199400
199417
199433
199493
199500
199504
199505
199519
199520
199525
199531
199577
199606
199616
199624
199639
199651
199659
199685
199692
199698
199699
199741
199746
199747
199753
199763
199769
199789
199796
199798
199817
199826
199837
199858
199887
199897
199908
199912
199916
199917
199921
199925
199939
199982
