10000
122980
185770
196318
168240
194674
108268
175098
117295
101928
121561
195465
131653
199624
154480
163807
147880
186731
105434
141552
146987
196274
112052
155581
136314
127858
119309
148123
143045
106612
151952
177617
189246
139966
161761
111705
145192
135059
113716
157284
153881
103859
125904
106510
165101
138944
150671
144042
176425
197647
143412
100329
166569
197218
182538
198692
185785
133039
197473
190383
100590
170940
186238
124434
142922
152920
148414
190867
141456
122866
122798
141724
190294
119084
105628
193255
164206
184546
186540
116679
176820
173286
160476
189314
179548
140803
126986
167296
162845
147340
183962
123418
133178
117820
111641
161684
170734
109728
189759
175409
107294
198597
137520
112582
131307
147563
117641
115186
146858
123109
147320
132812
189930
159968
187835
114750
111085
179627
174104
121934
188637
188056
145263
196756
133144
138489
110524
106547
154039
140837
133095
101892
138056
117555
185360
151024
180570
120987
165409
182116
164244
194754
166216
139486
197110
113605
109968
109430
163451
108663
166071
142918
117045
145732
178905
187424
144089
154831
168984
195417
189553
153321
167818
120147
166445
100961
148230
143525
152974
112650
159732
127969
154525
139901
196284
124764
150509
114083
112730
111199
141461
167301
197133
154449
198268
105886
137824
164375
164632
172513
154557
136786
179068
187745
181969
121369
122214
108961
118987
128956
102181
142175
175117
122785
152023
135115
128856
162457
185492
138073
110939
128890
132904
117621
100938
141271
181858
165813
138826
107327
174893
151556
150141
192756
195380
142226
141308
146894
128633
192374
190947
195641
106862
122237
136573
195531
146037
156931
157710
182121
128294
130132
167767
155964
135370
121373
172459
105988
152550
101210
152518
165339
175084
140810
178609
153989
132844
180564
175250
168918
132432
184846
145301
148281
190237
185933
178935
107987
148428
132519
129399
100137
153945
163672
168205
153426
163247
112501
112311
117574
158874
135065
117513
159157
162703
161529
130822
122616
163331
189914
177451
153886
108605
143159
159726
185955
199084
149426
167500
186504
185670
132041
188383
145273
187996
136041
144663
190451
104048
152134
110856
153103
153807
118592
128472
183131
174830
146193
192754
130475
132453
131707
156942
153437
149087
183982
196758
174206
144971
180417
117191
124011
102648
178083
158454
109483
146762
103264
149316
197059
156774
134628
170262
144131
191277
120614
146199
199639
126827
126510
147249
163628
146318
138649
123719
194339
155131
130953
115577
110636
131043
144044
100713
168494
162441
154098
170311
138181
198882
165299
176372
159350
152960
101169
197693
172071
121716
117477
196850
121402
107015
154437
143382
101262
164499
163915
145643
150618
175886
158556
171889
137690
192233
181657
155330
115280
107302
109043
189356
129005
140302
121090
154269
199245
159656
126913
174469
104414
181074
132368
180221
116732
144286
180402
178621
139860
103122
119687
154035
142203
116975
135088
160809
183216
193657
136155
172988
108183
170485
142930
149391
171506
166125
175705
167479
185751
179177
140482
101573
189402
126362
193972
178165
171205
182329
170209
173978
122570
149310
186469
174811
179680
193734
186065
149989
129341
162706
166529
165976
111115
129081
138775
197497
113569
173998
138812
119587
195417
164814
153117
164900
125041
199239
109567
160401
174728
156728
173448
193102
198954
137108
152858
110797
105868
125754
162078
131214
181699
111101
150521
140882
155974
187397
127816
170611
111694
199118
183271
136997
174106
191754
192463
193560
170514
147834
118387
109774
114776
199181
166727
100784
185670
160587
188842
186666
106372
146927
109335
192164
194929
124487
120807
161330
178638
139639
107041
142554
167607
126803
147567
163533
161626
106245
167639
166002
164851
186660
172198
189022
140708
165231
146437
198687
138975
101397
195674
149937
149821
183205
105349
154136
171463
196209
102908
192436
128067
129007
161807
122185
101078
189015
123370
155659
149255
111086
188898
107014
175826
144859
189302
116576
146294
175544
125423
159297
154586
185871
172310
128893
150884
145370
177783
198297
152002
103235
187327
112050
179426
150041
132784
189187
153090
114971
197180
131288
129127
193563
156739
126733
143758
166756
152075
138376
159005
160057
174558
151852
139312
189484
191713
139481
177980
117197
184418
122702
195892
169578
131036
176040
117433
135476
111351
115801
111710
122199
106913
158623
177215
164493
185087
177115
180322
120064
125132
111786
151867
142428
141347
185048
145992
118136
132580
145972
126817
186683
101174
138268
100160
137298
118725
147285
116828
112908
110351
189545
190152
196138
160067
118056
106444
199753
186065
175312
141305
189908
182777
145627
158075
112259
113377
157089
107310
184340
135476
116551
173806
158140
120929
120499
191713
191346
133975
157061
131822
137207
171755
194167
186013
105854
107840
123539
169531
108875
111458
103948
121368
142939
106321
136721
105576
125256
118245
106194
114780
143791
158165
194464
155433
118186
135495
112913
122290
174749
161512
178124
125771
139820
108017
193351
192594
149040
112486
162142
138092
138954
108670
188688
132907
182140
175871
140968
165859
157535
165044
138929
143044
117050
182745
112270
170927
125037
159454
158639
196792
161221
115809
165187
114398
166051
176083
124857
150247
177186
195266
159584
129984
176226
175654
123033
146750
128643
116075
193214
140320
131097
163997
173056
121733
134093
167145
140235
128545
147086
167624
114790
153173
176996
150748
124662
114939
184706
103948
118346
155601
107884
124273
174287
169751
153932
101552
152317
116706
148581
128637
104684
129265
157276
175294
131537
129327
153351
120160
105008
157432
149599
151463
162143
106574
106106
145029
186449
110356
115655
175307
180147
168807
102782
149999
145851
198304
169315
170756
156658
158491
147197
143825
161465
101792
127502
131478
129932
143098
103569
142190
100552
121594
142102
101250
116429
102515
102184
114449
178164
118533
171847
125685
177604
112373
180493
172347
102121
183630
187732
140233
150502
104124
154445
183341
159233
145020
179945
184293
103683
181427
137540
163505
135325
141822
188714
145236
175862
100471
180771
121616
189120
111003
180535
100656
158187
166282
192349
128652
196065
176883
123318
164337
189191
112519
197596
124536
161684
149267
112826
180326
161432
190610
116331
189455
146025
106439
183873
184413
132673
108809
147235
167244
120639
159020
141611
137788
191406
160892
177222
133932
182529
196912
182119
121748
104116
128109
170916
174058
157125
111644
158988
166079
182112
116390
105724
142240
162003
153296
143987
133161
196953
172158
102863
157570
183571
114825
196891
119227
191972
152382
182257
105504
165737
160067
188156
170738
191394
174414
188324
181598
190671
196058
199350
126035
184289
195278
144702
136150
146844
113694
177745
109411
178721
108217
178893
111940
179262
122615
195206
131554
147272
179872
152026
167278
160317
130437
189197
196998
123087
152861
118601
186373
169484
160152
126275
161662
196366
104003
154292
191466
164536
167137
145272
116387
191184
190419
119254
196620
105867
152019
184617
174141
138561
111803
122039
140577
116990
151685
183578
109624
156148
183612
112854
141435
147163
102529
181632
139345
172982
148485
188130
132353
144823
184863
159337
171909
104607
196242
139476
116054
198549
159383
124178
135161
138845
133638
112503
191263
187554
185567
124651
185245
193289
188875
149755
127584
114607
137941
132010
125276
179666
168010
186669
184921
186172
189773
199304
190193
129259
143219
167567
187566
100276
115211
172991
167741
132491
164314
142293
174504
161261
103985
103076
199266
105500
178628
140064
149510
102051
143003
119876
152773
139315
179103
131181
109731
172089
128782
192831
129055
111761
188781
156343
190390
132349
165523
184760
189947
139857
105669
149925
169221
178607
190819
145610
129271
132682
128959
118689
132356
165569
195973
185382
112654
155366
155538
192568
117678
133105
125904
116098
115923
113235
177348
194556
114567
159794
102182
140273
156433
128846
161398
170672
122650
160573
168525
154846
164538
141757
100025
177545
140281
152396
105928
184213
152253
193042
112057
110223
153725
146189
104760
181261
160640
183621
143312
127261
197717
161643
180916
185194
158517
155341
176676
122282
147455
170557
182768
133371
117178
116940
117793
139803
193157
162153
169733
166663
139845
126928
172706
138645
197497
146432
164846
156031
129142
140301
120907
159174
199202
134192
162023
197646
172178
166875
119257
128403
156612
112361
124853
114482
113351
154979
124730
164171
174800
158434
158593
156357
137009
170106
193707
105490
143817
162779
192811
132919
148711
121908
119266
120712
154802
121777
156337
105710
184655
162526
190217
198545
153909
106603
137299
147945
185571
173220
137513
187622
157386
131808
188938
113374
150362
123725
155319
180357
130174
104625
103570
198391
156840
164181
108478
107994
142536
121230
169638
158647
110111
147119
178507
107418
128030
167539
170147
102450
167138
140427
110930
145688
128078
160945
166002
171503
125136
110053
180406
119351
103094
126511
153199
114683
106065
192939
125736
170502
185108
106476
131322
129428
142862
139922
127935
126647
148337
136888
164263
110571
125112
197289
109116
186105
185328
136534
141655
118430
192929
109309
166445
195813
144695
160647
103083
104487
108477
114317
119611
199798
110329
146626
169822
146989
123795
114475
147278
196130
132974
145073
167933
135362
183344
189590
194522
103057
182572
176150
151022
186466
184651
156284
100957
193932
190772
101376
123041
178792
143310
156224
169605
193098
116683
147688
115037
156241
122626
192888
189214
160517
132454
111697
111181
151694
197451
136438
144809
153671
129375
115144
138370
119021
115427
189974
154713
158199
195342
191240
164927
118519
139765
156486
169914
145866
110454
117984
140431
140832
100353
190054
190389
140189
106555
188905
140070
186426
108638
174827
190949
133085
180818
108760
122114
148880
116262
106741
166769
188781
134074
164612
157807
114027
132053
156076
111475
111890
110178
141077
143708
117978
188107
168587
188326
159223
163639
167662
163975
196575
110320
157320
123388
139867
108797
104370
102762
118489
196235
141021
161443
165880
145739
110467
104465
100562
174005
154147
192134
109614
143497
167281
172924
173274
170803
116708
101588
159813
156585
131833
150458
112800
137032
147893
175555
152400
125640
142385
165553
101942
183968
195908
122962
195893
137866
144656
111726
124670
188340
159197
187185
159719
104604
187683
184004
135964
137132
102132
181899
170076
118092
157795
189693
124522
129167
188856
180149
131845
199699
109181
137993
144552
192016
101359
140492
175578
144436
131557
199525
153910
183070
152806
105467
110400
107325
140349
128694
122353
149384
120633
131379
103518
121063
158101
173253
171393
132571
118512
162851
103565
133861
102743
164751
117438
169399
180790
168100
144671
192339
171556
130891
114374
123567
189419
126744
152492
147270
130699
112569
147494
127200
194806
161291
182139
194386
131202
172284
177906
149894
115657
117646
140645
105507
183353
108478
181169
111361
107147
133239
140752
159511
149920
115314
158781
115574
185902
152543
147258
176609
107687
141932
157660
130141
105500
147374
152715
176883
172165
114788
123911
102383
167313
140780
120528
139483
141605
158430
160910
140512
108404
186518
112275
123786
137718
110957
116468
129294
177754
150590
174490
124713
145244
178374
122991
164044
165159
182532
101569
105163
173230
162566
197430
186880
186916
183649
149740
115253
197241
103325
196900
191860
112980
106162
123424
190474
176607
116014
173436
170748
182499
178901
150437
110467
198513
165511
148911
160214
165130
141498
187532
161179
145707
111401
113509
159467
174817
114603
196786
160469
184527
159200
163267
162330
138358
122823
150763
170068
104102
115631
134994
114428
138561
119461
153823
152413
172439
110257
122836
102908
198319
182132
168073
192982
154622
162516
100772
171384
103897
116484
127893
166466
164399
183843
194607
156273
111087
127145
189173
145430
152290
181325
190874
170554
154419
164482
138518
115665
109142
131547
132804
196139
148300
169717
178939
174802
197968
168558
193962
197465
171244
197685
141474
157322
164867
180609
174088
187392
180210
117008
168959
179759
154302
133672
155327
129810
134628
121046
155953
105250
121603
129177
153632
177253
158765
101340
171271
141789
123846
141983
192793
103053
132420
171866
137527
193991
185624
103205
169247
117786
163851
186765
172761
119277
118126
161790
145470
136182
148282
152504
178325
128498
184300
199394
106443
107934
136272
170617
136634
166871
133813
172321
124900
180006
182209
150372
192923
158365
190573
182644
144194
153232
184051
199433
132623
182215
119195
152166
120130
188837
102563
173026
199117
150784
139024
125453
175161
148126
104193
142097
194275
187122
169480
131107
198928
102131
169729
190026
141487
196802
161042
152368
131198
138615
196944
148418
117599
110886
156910
158274
174963
112065
125902
198298
168112
117917
166163
156698
196556
166356
126307
140048
140991
131594
139626
147555
126213
155399
120892
161895
134183
183168
179070
169903
111700
149266
159737
148061
178062
102614
148195
126818
120534
124914
185360
156906
198499
172440
122898
131871
161667
116833
113351
128942
160500
123220
143967
155547
186200
122918
133314
166513
149200
189913
116907
142189
115865
115078
118751
122196
133557
146743
167366
170293
172875
106327
142686
103657
141848
106111
142736
132613
111198
127003
160556
119384
180835
114937
144078
184392
154196
150533
193404
115633
124470
124779
158999
148432
127643
186988
197376
114612
106522
131683
141470
116287
162276
182823
165482
108017
120454
136372
152592
187759
115014
100979
195674
126392
118287
120449
160041
157988
171560
144564
113282
196448
198118
160932
167021
102922
108673
114084
118810
116256
195725
162985
158149
103450
141651
103102
122837
106294
160339
178987
149305
141534
112778
159573
128348
118928
135444
183781
146236
160450
158459
175684
139075
121765
133206
133368
149897
184215
198334
126546
126573
145537
160726
157072
162010
133707
170711
192816
171893
134773
148526
167129
101854
176175
124649
192433
192656
179667
154161
134024
193524
175889
164791
122208
113620
161893
116075
110873
157081
128829
180536
120607
182306
131140
150535
189457
158382
145333
104555
149737
132686
173821
132337
101739
151247
190102
190465
142577
176462
169603
116135
186974
163546
185315
150461
166879
173244
102299
100481
145224
102101
150942
199504
135014
149211
180006
150234
117733
117119
126209
175599
155629
168803
146523
135767
126554
190967
142374
151061
110493
142495
140353
108998
137913
190250
175516
113104
119121
136082
113426
101900
108165
106445
110850
161091
131555
136771
125686
130899
103875
140268
150768
169853
181514
144417
111450
192141
196690
136327
160477
156461
109172
185392
110930
135926
184987
179305
129157
103119
176641
148532
154098
198508
174392
182945
173650
161350
166760
161642
131638
175650
171017
186239
124998
132644
102123
120902
118313
176757
117037
193052
137274
172878
118728
199067
195692
177282
136957
133192
132693
158437
174896
131066
197433
175187
127804
191308
105965
198120
138006
184166
140657
196080
152407
192800
195127
187878
196890
175832
115878
193454
102917
152944
188345
157808
102736
175341
145260
105414
118515
100587
157919
112696
159696
154808
140845
161795
195631
137390
154345
157777
191664
198642
182498
111516
113498
158149
118882
174674
126671
170876
125019
173524
148099
167849
158960
172090
135991
144511
115695
181977
166940
145314
169022
130002
105819
101155
171665
147905
150303
125772
106143
180357
133115
106558
108806
151289
104060
154706
100903
175010
130216
157019
192141
165069
165335
143822
102961
130879
168184
145895
122164
126322
130366
162503
152182
164118
123328
167432
114139
191503
159065
171805
165946
190165
117486
119580
163831
183417
153490
184846
195390
133170
102121
190676
145671
104390
146641
121415
147635
135936
187284
118568
101620
158380
121368
110210
121635
198490
188072
125596
158451
165474
146563
139373
195814
118264
103977
152095
150168
118629
139901
110189
120121
117541
130045
123599
132303
191798
137067
192813
106115
106708
153410
151032
185574
100729
186309
129850
183279
147034
104227
157323
108395
197198
166826
113213
138034
131991
188978
186250
109453
120677
125744
138323
155949
190931
173529
168371
120707
100673
174536
145967
159466
163372
129220
151916
148061
169132
182998
191723
191480
160213
164622
162217
169518
119009
194838
126918
199519
147480
127032
190148
154947
124784
104846
146167
166699
142659
156874
167202
175046
180006
147056
144205
175473
170689
104379
174423
184235
130919
107114
154682
193727
176465
180049
157845
121921
161911
195041
126009
190242
130520
149738
147052
179797
198427
171240
142795
183728
115235
156214
161150
169680
108434
129084
115818
185760
148333
103136
136530
113541
144517
198174
191310
125910
111909
188262
118395
148011
131303
184255
192258
131943
193178
185225
175935
199199
116434
195233
100607
197724
178369
197775
152221
136587
103657
160403
194189
143439
174791
111488
131858
178013
147827
183587
194314
125119
183462
165885
101094
179836
110896
137248
143638
168298
170344
134524
101020
192155
141814
125339
162229
113794
104702
117274
122758
186970
126498
140945
155531
167374
192282
155957
154751
166784
165202
193438
143046
195954
144407
157436
167613
115804
123744
185230
177694
114956
197465
152395
182431
143823
140588
198359
187732
177490
197986
137544
174752
142065
148381
135649
121097
145748
185648
107996
161821
131562
154059
157175
101520
140780
162552
191616
157374
125071
145558
146113
162297
171315
176598
137558
196816
174534
152391
176433
126351
141815
132889
110624
169963
127636
138349
100356
163810
100831
180153
167214
194909
164577
166022
189926
151744
189784
171788
170377
136779
170904
144061
195260
146779
179095
177355
188755
116487
149543
152648
118921
110881
157917
101792
107373
178835
198513
173722
158606
161743
195262
158607
136167
124025
121473
195484
190336
143832
100595
157844
173865
100449
178854
188611
136353
159691
181351
193496
167255
153514
192205
157817
185321
173515
183154
130486
111728
149434
181503
105951
110878
192713
131731
194393
196233
165580
113564
140466
166424
160418
118757
180462
143101
150956
120171
142733
198073
105966
115693
177865
148871
114087
153234
177087
180853
127588
104099
101880
192950
196582
138993
153240
195219
179033
120010
135163
196507
165198
154120
174189
142475
105797
152624
153408
189801
118084
198323
193786
120768
104948
132151
105548
185824
111668
123760
199908
186682
127476
121279
140640
107495
156091
182786
118788
195043
123017
185140
145000
134655
106182
175673
142002
129482
130234
189790
152602
128799
184956
193740
184089
120492
123068
149597
117571
195885
113722
133168
119344
128378
127754
146148
140962
183897
190593
194672
176648
127405
148676
189337
149211
170410
166534
155100
178341
148146
102251
130321
140776
147686
140178
156218
185422
126124
183313
108242
111032
109239
149612
147781
194885
148839
104776
142287
128029
194038
103763
126493
188044
161275
158463
198984
157649
132705
165941
112270
193671
181889
100025
153728
124323
113041
170147
185557
124461
165001
153260
157370
133741
135470
193996
141388
161137
117678
199301
183679
189860
137255
154243
154237
150072
170465
143542
126536
114330
191801
193558
146875
126938
111844
140159
117078
171673
148580
169322
159620
160839
179898
158862
154452
175601
153905
112670
194052
128275
194864
115023
169210
116074
109869
144867
159886
157373
132884
187714
187971
188426
114759
154664
168188
133852
163352
101029
118692
168797
120502
191019
102102
133489
192180
164473
122441
143204
161756
132424
134527
184848
153222
174264
110149
199249
117259
181793
118543
188372
120907
106185
106048
116862
154908
187810
146982
168134
119524
101936
126672
177677
124960
135389
190540
101317
199826
189134
180392
115146
139690
117626
124110
141244
191547
154757
108143
177496
121281
178452
182131
139632
179454
172192
185532
121990
186987
154497
122310
135816
182945
197962
166345
159391
168492
109627
186769
108961
103858
148723
120866
175135
140880
166742
124059
140631
152658
188073
167689
116680
168365
137193
142994
120618
172908
189540
107813
184469
192209
149849
164585
120526
102065
190194
149079
175617
126442
134111
136171
195965
149643
103791
139369
162283
106935
119456
132789
105007
171652
109881
195623
124648
198779
104596
142737
182780
141955
138263
181914
188281
127017
116832
101251
179013
185133
166329
166580
175574
137871
194973
155104
165183
164956
168242
165417
127245
159992
136563
147622
152304
162350
143123
185811
143871
100550
126381
157464
169388
145160
176055
109371
150294
155043
142999
167778
194350
128997
149635
146899
123146
178384
111451
156028
122256
145776
115798
113945
140114
185237
197702
127188
168727
137039
165414
192332
199058
100315
135877
110495
161031
112658
192500
159177
150577
175989
173577
168280
119445
121278
137339
172346
130705
141215
182500
128054
123154
111505
134406
160211
157731
112071
189272
182781
179735
111489
134968
139792
108524
162947
100714
111586
148555
146485
181141
137465
127973
193920
164500
188565
128848
104179
146133
136974
164593
135779
198106
126983
109065
113842
109213
155101
113952
190443
148249
119986
124945
165559
106867
176857
146486
195294
172873
170832
192417
136411
104853
101048
113226
125406
179721
120994
161022
159295
145418
190529
158844
123528
168293
166392
101204
167304
145419
137461
161223
118298
124767
165907
146766
137816
172507
177436
129100
132725
175659
153665
131353
196211
101314
161986
103853
104870
166187
190825
108448
198164
198252
115539
198862
195640
172691
185214
111587
143629
126435
138982
125456
124222
143767
193898
117560
182492
151614
175967
116970
161739
198209
122219
180003
102710
113626
140979
101585
175337
132548
134637
168150
130278
188659
123483
157890
195699
128721
104067
106006
113729
116395
123017
199071
144424
134883
176651
129009
116077
111960
168265
155132
108310
185179
195942
149831
192509
119357
155682
188614
189365
121716
197083
116277
128965
112146
163308
110039
139350
128461
198046
197899
141642
183844
145344
133143
133851
160122
119243
185046
182637
109184
170437
157704
174626
138119
155338
133000
139480
185962
141077
197427
172189
162475
141137
169304
103336
171518
194850
154301
187869
161229
185351
155939
161404
106860
173111
160735
105634
125778
187397
166249
106354
129638
190167
106019
169563
135180
163413
130105
184506
173348
154690
169514
182211
193586
144043
185729
122420
132887
185940
127410
173819
148110
102889
179255
164395
141232
170637
118184
169059
192198
115409
194729
162899
177660
107146
188250
149653
145949
151802
155911
137560
111496
117797
127225
156663
103968
164016
168780
187449
176901
135180
137947
112240
193286
168624
172086
121592
182654
144394
155328
149283
187724
120714
163378
182882
121642
174856
195783
159605
113251
105540
198872
100807
185466
103589
190690
184471
192422
190688
132524
154448
161385
155148
152499
156727
187914
127784
108790
162309
102555
144424
180476
152757
131354
170820
187338
106751
177194
137557
171103
155465
141103
163443
148955
120810
190408
164096
130225
168052
127289
141908
150999
107331
187639
177231
139846
125453
145173
195364
191770
128896
160162
143176
147286
117417
160594
149201
154017
143879
101073
182664
148115
142958
107334
159107
117706
141567
105884
159717
100875
116548
172915
135951
122664
121082
165282
170403
106655
185089
131364
179138
170628
192826
179873
189421
129620
193027
153213
170262
111918
100124
112702
161932
106337
185593
143633
107628
165295
129588
176403
179660
111179
159520
165014
180122
107417
139793
184693
105345
187443
183053
110398
103767
168764
128563
106365
108545
100789
103009
175947
150851
104188
139125
126224
139691
108182
179517
157097
151470
121886
148991
190076
122407
130487
133766
163011
189280
168198
174304
178491
199817
138997
117641
109435
165513
162441
112193
137907
127940
160467
137946
173134
113667
179543
173852
105590
116712
122563
109355
170781
165932
197463
134891
177397
108289
170755
172981
118132
133094
105196
174551
107982
162380
160906
135822
169040
191456
161533
115671
134542
194702
176535
187886
121603
152219
167456
156119
149875
145838
170649
147481
125572
199982
105033
121130
132694
156826
136899
148381
172343
124471
172099
113563
139093
138883
183955
136387
115881
157478
173717
171086
133666
138724
116117
139536
123965
104101
153564
174606
143777
189658
144969
187973
106827
103241
112660
186333
148501
158624
112824
169123
103416
129502
155810
134693
131599
118286
188933
163749
100828
154601
138763
170872
135127
105009
184075
138605
189822
104376
109057
182862
120024
186921
172348
136255
197494
144092
181612
186656
197975
116545
155641
128507
106921
149347
147984
195369
132416
124216
116246
134193
180364
171014
101590
108777
190832
148979
180293
165855
110420
106167
122095
124909
185754
169594
113066
170190
151743
116885
102762
172736
180710
115166
159346
112134
168522
136739
103629
198267
130804
184703
104249
127799
174066
129375
192186
183142
129787
102404
162092
194760
164503
148386
133158
144584
113244
192921
192929
108779
122495
174735
168871
167085
185955
193094
151160
122786
157624
128814
129128
140990
151534
101203
129328
167805
134650
177671
109989
170283
111186
115475
119282
182211
157022
128934
129991
158314
158365
154682
101356
116330
195208
155081
109173
184076
171172
129953
178617
170120
100999
194074
121935
190281
193087
161981
172136
138220
180860
127308
108034
154387
121664
164718
102708
186166
170545
187156
186090
188939
112479
177321
111534
123023
105025
132005
126120
119932
109416
149662
153646
194283
103102
139563
142817
173025
184806
199252
135157
147123
133557
132904
121380
150788
138644
198226
159424
185637
101213
158004
144559
186198
185572
108454
127472
155068
118200
168264
111846
124480
117474
104762
195688
149837
126110
162853
122019
121527
162267
108231
129131
126391
118899
154531
114566
182511
160343
121526
164662
156916
149005
194365
173491
134367
119769
167999
134872
133246
101843
187309
182890
197551
181258
113066
185235
172183
186852
146864
144858
160809
196269
173282
195688
197349
197749
176306
139195
173908
150761
138861
183137
155512
146806
167577
144203
100710
114354
143001
196531
154207
160438
151879
145028
171395
143124
187409
125375
181722
112602
146559
161327
161111
118442
132621
151481
179393
175969
154366
146330
120306
184498
145165
109028
173123
114560
186362
176175
141118
161131
127786
164439
192792
125546
179462
117521
175785
188870
159575
174684
143012
176740
137610
195071
101395
161904
140581
161885
155825
132517
172662
192762
179335
114494
151799
119999
137779
105903
176926
170376
101245
155885
158179
130532
153820
182865
121407
180816
168734
193466
146774
166866
172404
109267
132422
181757
121517
123855
169811
123337
135010
170224
106414
186985
185843
139437
136465
106073
131311
164966
100529
119053
126747
104007
169573
119502
103914
133194
177876
147806
167702
175909
187239
104118
125250
187580
170564
189026
112385
150660
176300
186310
189413
196264
151549
123078
166877
197211
148131
112258
191150
180018
154259
113701
187272
107992
127426
128056
180576
187058
115198
138999
168888
122469
150046
173053
147747
150754
164527
189996
140672
108887
177437
151274
158576
145346
160250
173972
115195
187347
112729
105399
126030
158094
140267
152922
141171
115803
157516
191177
190087
192378
190029
136069
154825
141700
163887
167663
132556
181374
151283
143305
120464
196122
155010
186856
139354
198807
186044
144291
195645
177823
150784
159717
131978
153662
151969
175938
110241
138382
139805
171058
198990
171064
151614
155064
149909
129335
118842
196276
145415
167371
136958
109176
105143
132844
188222
138375
126902
182649
183115
116648
193424
181058
140765
108174
166516
195039
120462
122064
195930
132326
120768
147139
159322
164325
170997
119184
153156
156041
103241
177193
141217
161762
170256
150895
114277
130693
163705
185068
130742
122825
144767
116569
173713
130319
193089
146439
165687
188288
155355
148485
187510
142330
156337
169613
118600
133695
118873
158450
158526
114428
164277
193623
180724
156717
152592
140384
138846
101977
154098
199028
146678
110329
136717
120669
178661
111176
150907
134264
150366
182644
150558
105974
100700
112067
146975
197336
184664
183546
119713
151077
102859
112131
125889
154481
109348
145000
170741
134566
100232
181292
160473
137218
170355
194869
107818
135277
110947
158796
170060
187485
110625
143426
112627
152764
109252
132928
116880
107359
186992
137415
114166
118865
186971
194787
130083
181225
185238
100444
112141
167906
106373
108014
132684
123339
176245
145908
109937
146778
188010
168112
172127
133281
114667
162223
165634
172240
134868
151737
177865
127812
158538
185727
146319
176615
108467
117512
123329
171945
147935
111038
177381
102628
127250
197720
143924
137532
176251
145418
122836
164270
146839
153084
141671
137620
101170
124664
144420
106657
182990
162228
184420
152421
175794
112031
163315
199912
141203
181857
193556
110922
171551
175688
104982
104020
195802
163345
184501
115746
172344
159826
175880
168477
148453
114244
149842
118674
104964
110242
175908
177952
191681
134364
197195
190054
153318
186881
145028
123883
181470
186649
172101
181916
170098
111960
103794
123161
127591
135454
123314
118724
143726
154657
160541
173005
148284
145817
170277
110006
181120
137389
161434
113738
175838
158516
161118
129995
143307
185698
103446
122882
150444
117264
133036
178777
149191
170548
166938
184713
122749
145037
130006
193390
185854
179859
103425
197993
110257
103465
109376
122764
182187
115780
116726
104290
179019
110729
129337
196791
141162
142151
183350
130799
193497
153319
167288
158071
186366
134075
191543
141795
119916
108825
108823
116047
177171
198361
129706
149245
158143
102923
193495
145787
138142
168477
127471
100492
193448
145270
176900
123452
124570
126183
151333
111357
120025
149925
109532
199018
106182
131449
199493
135997
104572
152471
128254
160569
170355
140888
199531
178355
127649
113790
131397
105800
151548
125465
193253
106986
147177
157768
166230
116481
122067
141679
121969
128654
103078
127103
198051
156398
137706
152426
153722
147984
148664
136182
146052
111159
186846
104119
151222
107376
135150
180775
117299
152559
105936
165830
156835
187198
117951
130581
199837
116571
195418
135034
197125
109827
194833
126277
155123
151557
110784
151185
195142
152234
157971
137324
195450
177054
109658
103525
109947
133780
147272
100049
125141
181901
120063
119168
176875
144834
186405
132542
151073
156761
164463
124763
114090
196022
190396
150341
171933
141920
141642
111952
175703
133383
138423
128566
106199
146567
123236
188476
191288
150693
159303
138696
181245
129739
159638
173951
118844
150604
100441
113992
185829
100115
108487
173687
158699
115321
107101
186411
196223
124883
129480
197002
169057
144205
141709
140098
141880
125902
109004
147812
164928
103325
182040
188313
185243
186621
118394
117266
104333
185898
138444
179647
138296
139697
194241
154938
127333
165455
169482
115155
165797
113757
172075
145017
185697
157641
150572
114100
187847
159818
127199
195473
122878
100292
170049
166048
140169
113771
145544
133844
124315
190122
186130
199314
116787
124609
183650
139084
168817
139750
143120
180276
116463
142980
135522
168957
165854
187140
175148
107788
133120
121377
101907
166057
107644
148957
177959
173590
199925
184297
124575
164566
100657
183696
167787
165524
156492
120428
190305
120485
195517
147774
151583
166510
178364
172623
154204
102455
112813
123355
131645
127945
108433
133502
129754
127927
198072
107027
132110
157715
124342
177308
168457
145771
192070
161887
126287
188272
132676
160980
119277
126157
115511
179691
164379
183411
193935
152436
133519
116595
109308
187040
193834
135227
132588
122166
174110
168465
181656
103924
168002
126718
104377
144808
153911
170241
188364
110518
185590
136527
131617
182088
191435
147735
112761
152316
133058
104396
114656
191251
145025
196546
180314
188407
109929
159046
150623
120090
118134
163723
141586
125014
135704
128367
106565
107299
102506
130382
189754
130209
119238
168741
109721
161284
178280
101622
188876
192406
103593
189737
167242
120988
182272
118372
198390
100886
163736
197777
108788
100406
173738
155526
143909
180505
174504
115271
107013
163993
145402
109267
153389
156532
129790
137406
105279
123067
118867
142923
190262
152690
127003
101228
165885
102270
150160
123816
165397
117955
142078
110630
146438
167762
121857
194745
135213
165143
126729
168641
140838
120905
125863
124548
181431
149261
150700
124512
137341
171361
137884
190921
101047
104513
191766
111768
170723
170877
145002
165173
102840
194810
156158
128073
131547
181445
151390
124825
158507
179199
176396
121680
156042
131440
131006
183596
142383
127472
139656
175674
111213
172296
126833
184802
181229
171255
151196
124972
157915
150042
188454
165093
171612
183710
119025
154405
159273
118119
191666
151515
180957
177401
181108
109295
186245
166010
188286
137803
186132
108301
197028
107923
192143
118538
149181
135358
194759
145715
181829
194176
145886
180701
189552
171980
107739
184568
107952
151397
188785
139584
143356
139821
113758
173009
171794
182293
161025
138891
182222
175417
144094
133943
159588
175485
125258
190000
167276
139944
145382
184215
106043
194237
192775
161033
146578
102286
180213
105576
132899
129375
136456
117670
152452
129597
124833
111074
177053
148160
110059
183288
153582
122690
194864
182179
110158
118916
143839
190794
181462
177378
133515
193375
115108
140992
153502
160866
139313
167801
183118
104509
167032
135113
175938
148926
193712
199698
180776
151069
186413
194398
164945
102536
128531
196904
104582
133177
149109
189299
155356
194821
150744
178795
191266
170797
177343
181998
196911
123741
139215
194219
127193
162570
155365
176595
122481
134242
192204
119873
117839
117509
139134
157402
121503
152723
103917
115377
100014
193781
144223
137994
101685
101950
126579
126914
170502
149591
105631
105716
154454
172368
181315
193659
107987
185215
111017
109082
174745
189411
198860
148312
165842
108284
103688
125829
169745
172195
158754
177195
135146
125121
117312
158585
176980
197822
142762
146426
148959
178005
146957
166624
143122
161498
150303
170265
145027
143783
183958
183115
190989
115215
121581
108900
120504
134885
141020
112563
189376
190129
151621
149440
133166
196245
102916
127036
191733
108780
186541
133767
116672
143356
166745
133677
162019
183942
193161
109324
103502
113729
121456
117243
180003
191350
161176
177635
145696
109858
140906
187942
104395
123032
188683
180137
140819
143529
192497
170636
114872
155772
103795
100716
106531
108727
124831
190075
127457
172286
171064
182120
130325
111900
154091
146290
175074
163495
149274
183887
129484
124206
108493
132628
171139
138936
111846
153920
166627
108438
170789
172588
188394
114959
170234
112741
167201
140872
170305
179084
173449
187705
192126
152918
115434
142235
194693
172576
189864
131930
182142
162193
171502
125950
114555
121810
156935
129899
113320
154403
111501
104040
156877
127172
118475
115634
101301
157988
107240
140812
114754
155345
110165
100705
102363
133158
116607
147321
102534
102671
155061
187298
162688
119065
104588
104136
153020
125969
135259
157659
160830
173512
130860
134756
178211
161607
126989
193128
132218
121416
150208
119466
110484
141484
120503
184261
138698
101938
148304
104289
110130
102492
104884
153080
155157
111065
184568
162692
167449
123433
116034
148378
198038
191314
137328
110064
144908
112465
159534
157852
157994
162188
121528
192793
165648
180706
138646
165286
135246
164540
103930
173695
166504
156642
159707
151008
163124
179992
162340
135983
171755
180162
116133
170074
148906
185933
162586
199917
191874
131189
119086
150676
120051
107176
169404
116530
181618
109946
105636
112414
140359
186477
116549
168815
189572
121913
108008
183351
113767
138285
124595
159635
151336
154776
106532
178424
147163
178938
199789
177516
126809
152656
154828
184229
153162
190774
106630
170055
160650
197363
135374
140448
122279
108234
107541
105931
136750
146379
150279
102990
112048
179371
111199
130501
192627
186436
133729
111916
157428
133673
128651
173891
167441
191756
176157
178623
157723
178999
152242
128650
174385
138582
143366
150403
132808
178366
178637
135244
159934
111285
166053
125407
186334
137491
192183
146246
184490
167847
151337
197340
124276
159441
110778
185644
116195
108716
196251
190092
164643
183306
193613
148184
170916
198041
149900
125460
110878
187633
139244
151543
117251
142404
197207
139163
125243
141955
109463
101702
141180
151654
192165
137221
183149
124833
185493
136694
144435
173790
157541
189282
127296
151136
119157
115609
145418
149482
196010
162595
188529
134156
113872
107003
183526
179190
176955
187880
163782
162924
176466
156516
179643
149550
139424
197547
129663
100566
162470
154151
176935
114001
119516
141404
127456
103991
145784
129490
125140
180110
118433
180907
131062
153594
138946
135646
162142
115726
146483
196622
152033
113449
190185
140826
195850
187977
169035
117249
125996
178940
149795
102605
104768
101564
177056
152304
147921
189882
131590
168179
135650
106342
119971
161613
158362
140112
131189
147531
133352
131585
142981
110147
120046
130423
119513
167222
174636
165659
176933
141898
197705
115695
105804
151791
116010
169228
102653
133770
101432
138503
107578
163632
175513
188348
116894
173668
190742
101344
107938
133845
199056
122400
198925
122306
114297
163963
167437
155335
199380
187256
119090
198068
163940
172689
196571
131139
144656
167714
166820
120856
189448
179910
172222
103398
112682
187118
144401
199747
142949
116510
143765
139794
184635
195281
142118
128214
175501
155898
157177
147636
121309
178582
178427
179759
102299
163780
194566
132797
116250
194850
173188
196496
184972
159767
180646
143854
168304
115528
100919
189721
114435
182332
196800
164007
125006
122962
102941
144524
177575
174187
142950
195783
182551
112394
189473
124279
166376
185741
106657
101217
141686
118168
124925
104197
140644
173694
116288
162504
102647
135178
116472
148127
143945
110394
115058
130876
191617
109535
173886
105289
111398
180126
186165
124230
185651
197297
196722
122648
198124
177170
112984
191860
130045
143925
146805
199268
187529
119671
106609
161437
194755
196008
181786
152089
198339
173806
163102
122719
115966
101081
150226
164915
126545
199325
170303
121990
138006
148666
113922
103492
160061
166644
123241
164755
140238
106405
186817
125876
110942
138355
147346
115403
187351
155782
160973
106235
103441
107121
137568
198515
126611
186533
121328
190827
120031
189553
196741
127705
145340
125830
119448
190334
175559
187728
197589
117768
169879
167402
175768
117280
142013
162042
116153
142863
184632
103931
144284
155370
125343
169363
102033
109282
118244
183295
115982
177609
143038
115846
171742
108283
102506
149651
163655
198042
144649
103298
112860
132276
176898
153971
181249
178900
188528
191159
193642
111812
143201
198614
165949
172679
191973
110120
109815
176180
172308
108168
184679
118429
199150
179001
178061
175428
191070
122977
187168
189308
107792
106994
168626
102629
191808
148995
135177
109211
186313
124148
124513
145204
114962
188406
152351
188694
168584
114276
114712
148409
113475
104271
108624
194768
196353
170542
163691
105944
110939
166352
192404
192013
140246
142909
176378
187272
116674
124509
103510
139154
189845
172929
193842
142183
158789
175909
154727
105926
173900
112672
170826
183989
144324
154024
189338
111111
174760
159561
195599
140620
147785
111087
154977
165719
198127
139578
165605
177222
176293
100754
142401
118264
172855
197271
134810
151252
117922
196322
179428
124944
195986
123782
116419
127517
184068
132686
111078
192632
110962
115674
102644
184040
129805
186196
189238
190586
173717
103398
141030
167133
116552
192578
154384
161576
134521
115034
153566
137044
162139
109337
180070
170424
126431
148448
179930
163761
161473
177762
116221
194323
114713
162136
138518
101675
151306
196790
153113
154008
113493
173327
104448
130957
102118
117554
180540
110024
196074
130106
192674
146191
147633
109061
182778
124487
179832
159723
104756
121448
176191
152693
148629
142296
159711
138599
161892
182929
127134
136181
147179
131843
121594
138802
120134
160761
177265
183375
173233
138178
135241
165975
113525
128419
152270
110137
116896
174970
101684
177528
157534
101605
156637
156252
137711
164818
198206
191863
146130
147356
185848
179105
185877
115441
188820
167855
156614
132949
189916
131783
106419
186294
126604
114295
194017
110550
187241
134356
140425
172393
183290
120478
127142
183664
191181
160601
100013
102514
144196
134729
163908
160665
184291
151008
107342
144560
162427
169425
188280
130095
141959
183418
109040
129472
116687
126511
130015
121387
121401
138741
124293
191770
158785
157971
151049
182883
173869
169903
120101
181248
134266
121234
153290
120559
111245
113899
132171
154584
111690
162621
174895
175900
151430
137611
183656
101941
101098
108409
108669
154042
126341
163471
130225
196558
186737
150713
154994
195538
146796
159574
154985
134704
189201
135183
117182
185397
195720
163191
123296
130850
104940
126854
150214
166472
139801
166418
190100
101127
109716
194913
156964
169537
199335
119572
162122
179391
168302
103614
132995
171914
184221
103705
190135
128853
157355
160038
101166
117003
154904
189246
165153
165117
168609
115760
118291
199651
191979
128772
155142
104227
180802
137537
130966
113915
112283
152066
138165
196834
123744
147776
196624
192122
165765
198556
100418
158176
195913
123310
154964
103347
159450
161213
147290
194551
144303
191062
144768
123385
111202
106324
177242
198813
147282
108840
116216
188973
152374
185031
186266
139940
109360
179547
142968
194831
159513
128911
189555
157238
170569
189134
192847
176738
120394
153764
104800
176431
119071
126337
163202
199054
155239
155343
107755
129828
110430
163137
182712
183683
197772
169406
199769
131791
180170
192283
182949
139106
195140
142379
137836
108309
110902
160710
192555
187096
117364
165710
198913
103266
177473
124830
161731
138995
177379
190844
181345
156003
174197
170543
195977
139629
113989
110977
199159
112590
165796
124908
176225
191782
189895
114629
123768
171868
164049
125048
147238
139299
164540
197459
181869
195487
188293
132964
141853
160713
119430
166628
140595
101117
197633
108728
185352
130881
194464
189996
194088
166687
112793
107109
103511
127843
196605
130113
123810
199104
174274
103293
136502
154221
154228
167616
110517
180373
171784
150657
142543
138693
177339
175731
116023
197261
131153
153150
182536
160675
160971
190608
168493
181407
117889
196087
173247
171144
165125
191043
120048
107031
126385
157799
142013
100762
178003
117312
122619
137093
113450
100411
175311
163861
163529
122803
112302
170412
104618
198149
177763
147705
142906
194127
175887
165779
101745
192634
179349
109323
170189
137061
138652
141264
125325
153064
189410
105095
140830
196184
102566
109424
152356
110236
158883
127531
129576
158959
114752
170568
166278
194704
173750
189717
150624
107608
182896
134059
197228
178175
153574
131442
142896
124005
153130
107034
112002
140738
117914
125722
179377
159197
115882
185378
170749
121547
160838
117071
176128
184781
128319
192933
116338
105430
107118
189622
156348
114041
175678
148842
115483
169396
130840
142975
183795
146335
191171
131950
136617
192177
134905
130395
122134
167459
167471
178886
174533
167407
102683
126852
189643
183166
118109
194630
142839
125037
101815
109946
111609
102957
189173
158036
137464
186423
174288
129961
151293
109258
121828
151883
195170
116365
109699
143857
197980
127121
179179
130030
171470
129036
122543
162335
194516
138694
161294
197450
143306
175614
124938
111600
121003
194347
145391
143436
120007
103642
195887
109858
170563
193565
161499
152431
184837
178343
143173
181873
103299
176736
153811
187629
152041
119220
138909
149728
171559
153489
137977
106845
119739
152920
175213
130988
145322
121035
146807
190477
111416
128302
172993
164159
147405
126469
102076
151717
173303
161372
123861
132793
180803
163009
113338
172626
154044
182752
186278
143055
106945
193709
143652
101640
172324
143087
104809
162145
140164
106803
134322
109075
115538
140469
130840
143874
190772
112436
173457
115678
138567
159372
134079
111118
136980
192993
126803
100236
189043
111409
169066
120401
154256
192174
126813
160892
166392
156339
160802
183822
156922
118222
110362
177431
159442
182829
166228
157396
112601
166956
139815
159950
167487
107149
139302
125453
170066
128137
127877
173100
148798
123470
195399
111182
177870
128093
103397
152302
145917
106400
154651
138980
101026
111182
187314
145552
136869
130035
124798
133141
166498
179253
105637
182417
160063
137894
137575
142858
111985
154133
159142
190709
178384
196162
154516
136580
161939
192243
131152
193580
162135
197561
151007
155173
113251
153652
112217
140233
185875
187967
195281
169088
106576
168824
164711
179277
110314
128578
118820
164989
189625
116337
170409
135633
140132
179934
184062
110330
187215
129879
182139
185064
143925
183905
117727
141248
181359
101281
161607
147751
112892
154366
160407
193753
120888
158112
174197
116157
106571
126725
185001
189634
186755
135506
125637
119041
106535
105235
177279
164681
147893
158629
174602
184207
144443
197020
151068
109509
199692
115247
117861
171853
130016
186206
103832
120702
118704
116976
120575
130836
100755
150945
172314
110906
159948
164908
133439
188441
109647
199500
182033
169866
169695
140085
135773
153347
169093
137827
120364
149566
153691
103740
105440
108002
191679
101910
102195
192531
110578
132357
100743
169683
167802
137576
178324
133957
144857
173563
100765
117897
186283
178341
121427
160256
150127
115764
138779
178917
155440
151046
159105
164699
135070
105758
123526
139019
199400
197643
156487
130723
174632
135776
118782
164359
150836
107977
197611
140944
179714
147278
193337
156682
146429
129579
164985
192384
106477
138330
108716
141414
161577
196911
110673
106634
108335
185484
121713
130712
116441
133464
160643
105568
176989
125539
101612
180332
164059
173223
117780
164898
190473
145164
186978
111459
191783
184540
127438
182912
181160
126068
187134
104918
152584
119620
102404
158568
105418
165958
151798
153269
171133
187889
122707
161892
114107
174236
159296
184956
120496
194969
144487
175390
178253
148601
194716
148805
160894
125088
155530
190280
109521
123642
168625
189192
161342
120104
162505
137714
161645
109207
168248
110952
194089
101176
112910
145255
189994
174673
138165
167614
111029
189938
140828
105161
159253
182131
144918
140152
187263
107391
103430
191810
197250
137726
165055
171220
133916
112717
168698
107744
166452
108984
101572
163796
175198
163873
183447
169088
187454
163720
141108
190377
182189
149039
109965
184779
113269
116731
105332
126242
132760
150933
100731
163310
107956
177161
197293
168407
137413
156937
138161
144030
148736
118072
154476
173613
163933
195389
128461
143701
129578
122345
115682
195849
122891
195976
167116
133079
136962
114048
124151
173531
197026
140526
131258
169448
147894
119763
147992
193288
129840
182024
163805
140271
129533
147205
122379
137017
129624
159886
154791
168536
175993
189810
147455
154860
113831
125540
107693
149542
191513
189579
115507
138151
132626
181656
140120
105744
135334
114356
112604
145568
107335
197045
162158
106943
103197
179341
155425
193104
132368
148294
149134
113294
108108
189696
183809
195017
158890
196155
144129
128951
183711
130036
182396
158718
109153
111510
199053
142730
174095
103604
159278
105024
116916
185673
179782
195154
129863
139853
141898
182295
109278
120332
133442
110931
127759
179463
100610
102713
100185
140291
131325
181256
191770
187966
196672
147240
143232
177656
159920
169287
156920
151672
158978
197860
129394
105627
141956
117900
193932
179367
146425
198889
100845
195230
155702
177565
166755
122879
126924
156104
132416
158111
175319
181747
118786
193783
141070
161038
195215
131861
146434
189785
135724
142375
130465
141285
116702
157207
158557
109545
102786
143550
149066
165265
141893
143105
178181
131198
132049
151238
162323
163349
138764
121973
186514
158407
115055
184984
167407
170120
183655
134056
165143
130360
110272
157219
139302
188881
128728
100087
113935
147302
103236
186121
118189
184316
110294
182528
179603
109432
186254
135226
148853
162866
102378
160139
188656
103433
145488
183631
168381
191377
108419
111979
171301
160157
103628
164158
126888
117751
100949
138967
100426
164350
192978
169991
178474
182854
179607
114464
188708
123565
199316
129455
159051
111800
129933
181620
159896
140238
190683
127050
165686
110769
192326
187913
186665
153057
142801
135998
182999
128160
171450
122340
139571
103225
104448
188695
162757
176957
150178
140837
122324
172271
193816
118865
177256
118656
182148
182544
121474
129695
198374
121662
160302
150677
109783
112121
129910
182649
190673
170456
198409
182971
168329
159306
122204
135574
108199
163105
152255
149175
142512
152456
191402
192960
108932
180815
151557
197480
124467
143486
151272
113715
197433
176573
119078
148425
175275
145864
148352
149600
105503
190467
111129
140795
152253
121100
123436
177247
118670
129441
105860
167006
168820
102120
157964
183011
136578
104208
155261
113103
164336
137591
137347
137882
107599
154262
169380
127727
114166
198178
135898
129058
193845
173272
119884
100792
171993
111531
177216
159768
117161
172794
116289
137625
169088
144308
170185
187965
196810
101722
181498
116565
144435
124594
145274
128243
190139
189361
154343
165173
140596
173068
100762
123212
124839
163199
180619
133650
101903
112668
130513
168924
186379
182153
167973
165460
137228
128340
177698
137886
156322
150135
135769
156182
117042
101122
175460
124788
128610
199916
112774
178178
114534
155131
105159
138940
107607
165731
113442
178455
100117
141804
163405
169009
182870
178842
142566
105320
111091
107275
108823
135022
195673
178885
136907
149792
158175
133507
155376
192334
141131
146704
153628
151874
181369
139518
105865
148694
170539
140582
104156
140776
135895
112979
122707
174847
131191
123011
168519
131106
146382
104042
186936
174229
129357
114462
169610
149214
157296
102548
140699
153318
143625
172160
152647
110892
194436
171163
199685
159887
169739
128363
191260
123345
135233
157175
114526
183838
145975
140539
103721
176645
102547
173331
111070
187738
113768
105156
131268
121443
159180
111277
109576
130325
198877
186967
194561
100259
153689
101560
121374
117904
197190
139955
144551
124741
157287
110121
185885
116103
122098
178533
189113
119788
171515
166125
166621
102549
123384
159222
102658
117582
111850
119996
161244
198541
118443
180194
148727
188777
110008
106690
166289
182493
151382
124188
154789
179734
105025
123766
184564
168891
193965
195397
193864
154500
122405
129885
134651
161777
133147
138066
163911
118448
177295
194980
177432
156388
171422
184024
174514
150396
103003
167589
153023
115931
135490
128534
101595
184227
105381
125483
148033
107723
131567
110837
126559
153707
187811
149713
127212
183281
141651
103315
112744
156562
153881
180765
150072
169516
167664
179290
189724
104339
157276
114287
102175
116300
129310
175596
100986
181985
164829
188882
164181
186384
120438
183707
199315
129909
174836
168454
127730
142559
187686
131952
129789
132369
105222
116489
177243
130644
183318
111202
185767
119182
104912
115413
118714
120421
188927
117570
138141
161610
167913
135945
172792
175227
102457
112768
140094
140541
141022
173365
198208
176308
184676
178962
138557
117528
170864
130535
123458
173946
185875
126325
150274
186845
101812
102887
173001
173767
131021
153406
181196
118965
190756
121940
191532
195301
155434
103355
188513
137467
137815
192802
149775
178815
186235
160594
191556
177115
120989
178428
109081
184804
147391
187219
198929
188697
198599
151866
104241
102661
161753
183750
171633
168867
152059
176342
187247
175860
192612
140295
196260
155310
115363
142609
106935
128234
123982
181511
174901
107303
150114
102298
196769
154614
138226
151043
145127
119697
180325
107615
149880
135741
151441
146464
191436
129086
135248
180836
102953
115606
137938
108953
134866
136624
119447
121283
187357
156691
143833
181483
109445
152967
122498
131511
198470
148838
183801
155741
133177
160101
180823
184429
154023
121333
170138
197069
133373
105433
106066
173363
123413
171337
125050
113326
136146
162649
157922
122893
133691
191972
119843
175800
142751
107113
193253
128418
192638
122866
147878
115853
128146
132822
155585
179896
177142
139554
122607
177207
186823
180132
141503
112861
113539
107690
177240
100663
116588
193030
185555
195185
165929
127251
176568
146587
152066
181702
119110
139037
199520
117383
116636
156631
110667
192067
103035
115505
112719
125001
103811
171078
118189
109376
191964
108208
106198
171507
192862
171926
135214
101340
150243
122378
155906
105682
132985
117089
101685
187543
152737
196040
167004
188628
180947
160726
173565
155679
153120
196433
124915
147383
174569
157038
102245
114282
191707
175927
172502
144625
101254
182403
140963
146332
139278
143863
183331
160058
146366
183465
101843
107828
199215
168653
165574
113775
114290
138690
183660
118042
148368
148617
189467
167939
163044
116052
166691
163444
118787
143867
140394
116947
118374
115358
122304
191157
177304
124773
121520
143029
135172
112067
138302
185372
123568
168664
110622
133949
194278
110984
143050
108808
149496
105275
157086
195886
161091
147506
116486
155750
172194
148190
110133
102942
168294
114670
145172
138223
198714
108482
103958
188199
134830
162791
168125
195229
161830
189766
162048
148371
135746
174555
179915
117227
176979
180113
155823
169070
185880
109767
100828
170465
142843
107377
116870
111586
162890
190450
171648
160120
128326
109047
120666
100481
191648
180998
132756
139699
162512
191835
146272
124217
151247
106657
199858
168838
140378
149163
144255
125080
106082
120476
180954
123419
122263
165012
152373
104863
133431
132471
121465
117908
120862
140670
173262
165458
156468
142689
185316
130866
161789
156983
176783
189722
119120
184206
104412
119513
181277
193609
196188
115506
167862
191885
140507
166961
145218
135572
190807
140401
178224
120710
106901
102409
103044
197701
192339
194244
187720
188386
142319
106653
142162
167969
153928
154181
179816
120251
184863
132385
179776
192637
189413
136705
178744
120425
197748
119502
101591
175523
161753
160545
153878
148979
117111
195319
186428
126053
102741
106685
132235
120174
153565
162524
127157
126551
119699
120486
125861
145455
174365
153002
112263
171104
106917
103105
146759
125696
115237
194868
186731
105905
173376
131319
173853
101970
109759
172071
191022
114305
107307
180528
199887
150612
168733
192742
159801
146444
117326
169772
111300
196551
142838
156537
163674
121330
157540
176432
172219
111494
147749
192996
113684
157198
177567
138989
110600
100798
103365
119142
143661
188162
165223
147722
165077
181511
105546
131930
196385
139158
141635
110039
181251
127134
156579
170484
157106
191970
145353
132894
107244
189970
140144
152399
155915
177444
184329
132477
140494
149419
176997
178343
198913
158551
142739
107704
199045
161352
163532
103203
153645
199186
156009
188502
158165
167045
105094
128235
122352
119737
164509
126619
190154
198185
131459
162452
130343
121506
108765
124271
164117
142166
128041
179623
156463
143492
150764
172445
198943
179457
118849
113306
152732
101551
185907
134021
147536
194287
100298
134629
156313
179552
109193
185750
127940
184219
165521
158768
153719
194393
188127
129140
172117
168677
149204
115506
105567
104619
111549
195403
179479
108526
190864
153363
160012
164321
137074
134294
140913
105847
148293
121972
188417
112884
162342
167968
113772
111639
136148
173011
162583
135255
177048
134532
118041
120340
189687
113070
125063
138735
100860
158284
171734
119588
101285
114486
117472
126208
128892
180540
196825
113067
108762
137503
172468
119252
106006
179996
159897
101105
191366
199606
105718
145173
192293
154179
105838
162270
128871
199741
157688
130965
110080
198837
174597
160458
149018
158308
186338
164527
162157
147148
175496
122090
164291
167187
184956
199371
184533
125448
108349
101000
123734
117300
160691
105418
147175
182154
114856
141907
100464
192873
185529
180648
126846
166812
182598
109096
194549
178561
120694
197999
123976
151302
192638
188011
161295
191768
176465
123237
153647
122305
155866
180096
184631
101917
142774
182836
110975
176856
199659
123685
155278
122849
168745
151128
192175
181255
104475
174674
158594
198445
107128
190348
116938
107546
107232
164114
163867
113891
187494
165800
144383
190030
142059
103582
144657
148823
161347
193833
180152
124963
176915
161282
195373
110353
111593
111643
108139
106143
153652
147437
152222
179722
165588
166774
157739
129844
125188
170089
175439
115420
170865
177945
170791
174161
171766
199897
102787
157889
173710
134560
141304
103517
148066
123933
103552
168314
102254
193134
168270
191807
162788
169626
165861
188468
195527
181018
177560
127371
140904
176391
198628
137613
163826
158962
112261
186757
145751
119041
102733
157009
124048
142013
171454
134130
113319
113673
164694
124662
119957
101053
153924
114358
153452
123032
192095
116823
178758
177751
138408
166156
100564
178511
147298
158944
137165
183141
137082
123730
114821
144186
118143
140721
135089
132127
177866
180059
162357
181477
159512
192397
178017
176231
105245
190913
188719
154656
107590
195610
119738
129853
115226
100453
169316
173817
142759
136649
163714
124393
182103
180436
127284
189169
134986
137841
157260
158985
110516
189491
151856
134058
144800
126074
186861
175414
127767
159992
192807
156556
120448
144595
173383
188195
181210
183736
174604
142980
119860
107197
169776
153564
170019
147990
124172
194993
180851
164734
155574
129787
138397
167075
162631
139536
186300
195739
178155
117563
112509
166310
185429
195122
128844
121973
126242
145407
106048
102720
131577
135579
149808
158370
190080
111884
194411
193556
132327
175489
126746
113194
158940
144227
137823
146300
129743
158543
138884
158661
128810
172139
107699
149308
129340
100508
124192
135496
139664
153068
161736
199577
194280
171756
195436
124837
143671
133561
107323
161206
160673
113557
155177
177945
118113
137311
153230
118706
157072
174189
122836
170875
161573
167028
191028
136963
110128
178581
198798
105360
131659
130239
175892
107787
126456
183399
177953
133391
150769
109456
119728
118631
189361
104759
114515
123555
145647
172330
128157
130544
131103
171179
138460
108910
162553
145411
167530
137565
131057
169999
185642
122654
152764
130942
111397
137386
199148
165157
161757
101334
165397
112206
198692
156853
170480
148110
153854
173436
134043
159401
128134
198316
164890
136444
104242
149470
158286
175136
149640
126854
149985
181397
191276
102196
185183
182395
161001
101924
153907
112584
156859
105937
131384
171999
149728
155471
146215
154711
166538
128530
101783
163118
125739
165007
164926
152546
168660
172658
123253
172355
105448
164280
108950
150662
108176
119012
126483
129350
199231
119961
106322
158962
156633
116012
184551
160816
164333
139129
190963
179506
117780
147259
193920
145286
172290
162866
168238
128672
106483
170279
139156
192060
125197
184730
137382
102205
188082
133694
132616
175707
136628
146235
186859
129839
162719
125219
157566
188125
130219
164161
149454
180507
130689
155098
177182
192776
148551
136473
132635
129056
102135
159117
140937
180151
122284
182551
142799
127833
151090
131068
130026
161690
114004
126074
128264
124526
130588
154270
118634
199197
127356
146607
199746
152670
133169
196551
182347
161262
154742
171277
179557
122124
194925
133907
120587
168986
124779
189210
150311
191859
129248
114512
134062
173316
163425
170782
150043
125902
148791
147906
135325
189390
116056
159282
138366
153320
168331
121130
120723
151176
194197
131579
120592
124687
145647
188240
188176
184032
175730
155338
136858
166134
121392
146802
173692
178880
169773
131394
125166
124322
172440
163497
105245
133755
199367
145404
171370
193189
116874
124289
189284
179475
164372
163778
141342
153165
119042
160183
177578
195580
102355
172811
171929
194890
145189
160707
199921
140851
122470
191976
112662
121819
177613
120630
193546
196833
126207
185787
172893
102287
125204
119150
133860
173780
181706
178263
161265
173168
168572
133438
102154
171508
142548
195104
141899
199763
145193
189174
156261
179477
145497
152200
101042
120831
145484
152015
115159
135828
160173
134537
173529
161324
198006
196649
165510
153889
105973
169878
155259
111008
133532
187728
160364
186418
179179
186559
128773
127238
168315
104113
165783
174044
107819
167275
171879
101771
136640
121156
169027
110532
166684
143340
178514
144495
190466
120277
181080
195256
104276
182288
121945
163763
159278
192676
111888
141713
165378
155099
110564
191615
171014
184299
160148
167896
159398
152197
116658
171015
148396
157781
188787
177089
128938
178075
140510
189894
161516
164084
193574
180592
197651
143554
103934
106341
132432
128656
157513
174725
145351
108293
112780
103593
193669
195923
167545
113201
154347
160114
140431
178282
111807
146176
111377
112081
190117
147875
123723
105019
177958
114095
157217
178232
132848
142809
190719
181154
109192
138990
171194
124754
183865
183785
189157
153629
171324
178066
114354
123975
112821
159646
143574
129510
169316
109720
122238
131182
163118
178059
120765
103450
123914
158840
152437
128384
135485
169589
198208
170817
190388
106469
196949
120707
163628
129215
127336
112838
102361
192792
144601
109085
154553
117252
102870
182606
196885
115754
134087
137278
105853
142318
170652
123902
120859
141255
122898
174602
137176
150282
169665
136561
196003
166809
148314
125287
104943
108045
166518
128285
129897
165836
132035
191055
192631
144851
112040
122032
144504
109973
103918
153463
125908
197921
104771
183593
104469
110255
192636
138136
138291
140787
117486
164967
148688
191870
113184
177580
173616
183932
184945
166053
131372
104442
105418
101045
117016
162784
143506
184406
153425
179326
181062
124311
158518
169862
108366
109108
160383
120226
122169
175192
195596
158550
196052
174630
107793
100888
134321
145093
181169
146517
196704
187344
133323
166460
135077
188199
193687
167857
181628
114783
195837
117150
168487
184851
138721
107473
157718
183792
139997
121443
117072
138974
157932
167718
184996
164536
190173
197596
138138
120272
157544
107071
108948
139832
107519
197786
125900
136529
117526
148549
125354
152955
102467
173416
168357
174068
199939
156036
146787
193220
195401
198426
154042
184498
124859
146467
158106
100256
119206
111197
125860
111765
142004
163521
167417
172404
153492
122161
191473
122898
115956
126722
106891
152224
118552
156865
197570
139452
103382
148345
169624
101845
194890
171467
181953
126148
149138
176934
182206
123935
151833
100323
101769
145827
103347
118906
136517
190097
170629
105907
162215
110513
160561
145691
194036
140159
145981
139314
130315
172631
158892
192085
154057
119177
148323
112021
147743
183504
127712
143742
175979
192710
109905
129264
115623
187059
159709
157203
197613
154011
104715
151129
143355
133817
163972
118158
167974
117523
168140
109827
143003
153123
183321
145021
122818
109018
199098
175576
121294
100852
179728
169391
171012
101618
182725
119223
134197
173481
126924
160449
192018
129993
131309
142333
105027
142913
126647
117153
163089
127785
193353
135663
125481
179889
104004
104548
153722
107628
195203
136398
168059
168083
165001
192123
106402
160027
133432
118166
150443
127209
160868
135881
126375
122526
169896
194580
148099
119637
184078
123052
124908
158839
167118
150011
133093
100894
167984
125349
162293
151718
148475
129735
136061
179611
172472
181955
126284
113761
170096
136307
196899
196152
167358
194049
106105
112663
120794
112692
183222
159904
187977
161694
197317
163975
170087
186215
121263
162473
103510
132186
197582
194522
119542
117068
163153
197011
146091
134030
101967
136309
152934
145278
167926
156130
162487
133800
180273
133066
176795
162389
119429
173667
182426
158429
196403
181330
191578
136018
198291
148827
114141
151145
128886
198311
136592
157204
114494
109624
113792
159985
106209
182920
156237
141851
158639
134844
158037
193356
133954
180649
113344
120678
160888
111282
127795
106446
173724
141435
184326
134001
141936
196386
185050
114961
173368
150225
112807
129871
121702
134447
179168
163690
175884
156168
188787
174318
185464
192446
105895
118528
142399
189059
107213
183677
190090
135101
118306
138059
192824
195862
167684
183328
125732
141589
135167
135772
180473
152824
149676
119481
141298
188227
190617
176935
180419
135947
143692
194462
112267
120963
114635
100653
168051
166375
133406
108256
157932
143187
181740
103832
180960
134079
108676
183067
169283
142737
114577
164318
139034
102817
112727
144453
181069
151281
177075
137097
106582
113766
124429
171378
114264
141404
152646
118887
175978
139642
157030
161901
144661
195722
174047
181608
152040
172042
103811
180247
146761
192550
183233
133626
160608
131885
132335
103813
181026
179993
138751
140494
115553
126694
196356
112624
144885
157089
157723
176465
189436
151838
143544
131752
191399
185152
177499
159606
112929
162143
174253
171433
146472
133785
175587
199371
114372
175799
150635
152235
184867
184121
142151
163603
126312
139375
122577
137956
166964
164545
105799
124340
163998
174679
184385
127968
121975
180429
176752
112565
114374
119218
180581
184724
119239
198928
129046
130022
162720
143152
169753
101651
112065
162369
119167
165135
103877
149501
137485
177555
164757
151915
108121
152124
183162
132488
185686
195824
101928
194073
197440
156124
154161
137756
197050
111368
124565
173863
174453
100673
160830
126822
125368
148956
173661
159810
159068
121022
108201
179727
125762
159224
108556
100088
112784
140717
113235
159080
108441
150481
193946
150185
197467
146290
135347
132858
157098
189241
188461
185961
151354
135487
184464
108936
118919
159278
128518
174000
189772
101811
154720
191838
136249
199796
165571
147098
114329
172103
112458
108811
111312
159746
181195
170376
129847
121997
195893
195095
135058
127705
118763
138437
127702
157464
173419
144440
151688
124845
137878
110262
191328
130587
163996
139991
183988
156525
102746
119461
150873
111307
181803
175242
131581
159389
131583
175985
181950
119437
137230
176537
148949
195760
181169
180564
191999
185753
124458
172863
166766
160923
122696
138390
177151
143029
170142
106423
177666
186091
115813
109646
168833
142251
182815
101438
158426
159912
147865
114275
114484
131122
175145
154171
148960
178133
116700
114294
180960
165504
185920
134528
160572
182130
111709
183678
135642
110861
195054
112497
133777
135412
134383
143192
173195
171825
129512
107936
105485
106630
185537
135664
159807
120155
164300
135864
109094
110045
192884
182916
188372
171875
173455
134816
183357
122480
189897
190872
106430
137205
173537
142853
185786
106161
190332
122327
135266
101390
153095
134699
151347
150244
192023
183532
158439
104414
124959
141224
123384
139794
124704
148244
188385
194138
185707
172342
101500
156567
195513
152950
133108
115636
169417
105428
154757
153904
187783
123946
195472
175426
188892
147107
171947
126421
138447
121451
108421
143543
199417
180700
134810
114418
111465
189454
131619
164280
113368
111653
184519
146314
199086
157039
136798
101973
171439
198609
126801
173667
137128
125942
125011
179990
105083
150601
134332
175835
142901
150624
126235
161707
117684
182183
163601
161257
165037
153504
163617
124615
178083
197010
153642
161328
132515
113869
161427
108466
136999
105328
190720
115306
121686
175938
186249
100476
176111
110014
190275
155437
141850
118123
184794
173046
109843
161833
170820
199616
156106
143498
166331
149002
141229
188585
129388
157293
180429
111285
112861
136666
147076
134946
118039
120565
185785
124233
157988
170867
198829
139166
110111
140385
167293
131693
175679
199307
118800
179106
168969
193561
158926
102077
172038
123481
167225
159570
135161
165332
190060
110407
128963
152899
108019
142472
116351
120502
132869
175948
111315
163816
125681
105614
150204
169434
127436
137895
176957
181532
168937
123318
175405
192204
186966
120055
190504
182404
156654
162820
132545
114866
194422
123871
118155
151800
135306
188485
157378
135312
122129
102988
109827
113554
156377
151417
138523
115580
157769
176022
175878
158916
136706
111419
169628
186845
156849
190212
150129
157363
117185
101781
160524
107041
158853
161130
189825
143726
135551
119586
117673
169639
163540
183041
193128
105047
152274
170229
139211
153301
169172
195920
163118
158631
159862
187691
113668
192265
165767
189742
186313
120952
120935
107169
171714
196210
122451
154119
182376
175782
146866
186363
135882
191317
174541
178070
181191
120951
102130
157115
115937
149052
147261
186287
115329
156563
152906
188149
187043
182664
197847
193410
188927
102613
156987
112270
148527
145383
120395
186738
149603
125056
176807
144363
148747
164278
156473
145126
170743
143677
175569
163568
108627
147437
198608
116049
180991
124717
150257
181126
162724
142886
197625
198722
113154
117470
179416
170783
196580
181947
148863
105869
127412
108414
134939
174570
185395
108193
101029
157774
103341
170266
115825
105661
132803
122302
192540
150366
176975
154874
164644
137774
161155
128278
137378
143726
137385
155831
143097
140263
158936
104249
139615
153175
125873
131287
109336
170297
160501
176780
163880
120567
181195
153265
156785
150149
131330
163302
105770
121056
131973
108857
116025
194327
151451
186221
139002
187049
133977
129460
128670
105338
140022
121835
106330
184127
162956
145964
147435
173781
160582
111505
199218
114811
129900
108252
170138
114075
131645
127937
102712
190291
174241
192100
139246
106686
181259
184266
189126
188389
190922
133464
139290
138374
122089
159215
160945
152346
129800
132575
118559
169109
151702
103629
193433
150437
150945
143874
169426
156550
183785
150247
119508
109753
134352
185886
166653
196523
151111
196312
138730
175356
161005
170619
146765
102503
110272
195150
193858
136373
103645
168862
135235
192600
151184
132125
151275
148223
134245
146560
164541
130913
103995
143899
144569
126026
151454
118201
164473
172493
199292
159843
124629
100270
172462
147384
163579
141504
142015
129036
159396
186879
198526
128258
128618
127549
170569
183023
198141
146670
182801
197604
190221
163024
165452
131509
175070
141995
196330
178178
188669
182702
164684
199505
124095
138020
162523
123434
147586
193539
194956
169994
115049
138968
182677
152501
101220
157675
153864
149525
101593
159506
170146
144161
135285
196291
187658
160650
124271
119253
146173
132865
136834
175960
177876
160886
152200
144581
135489
195468
139362
140279
136767
147047
160915
188033
144706
129881
128046
172844
110171
146393
170045
188151
109080
108130
